>ATAAATTTTT	1-ATAAATTTTT	10.523104	-2149.984528	0	T:2536.0(2.35%),B:20.2(0.46%),P:1e-933	Tpos:467.5,Tstd:361.9,Bpos:362.1,Bstd:321.6,StrandBias:-0.0,Multiplicity:1.02
0.812	0.106	0.081	0.001
0.001	0.001	0.114	0.884
0.997	0.001	0.001	0.001
0.997	0.001	0.001	0.001
0.853	0.145	0.001	0.001
0.001	0.125	0.001	0.873
0.001	0.001	0.001	0.997
0.001	0.001	0.115	0.883
0.001	0.001	0.001	0.997
0.001	0.001	0.076	0.922
>CTATAAGTST	2-CTATAAGTST	9.517904	-1678.641600	0	T:866.0(0.80%),B:2.6(0.06%),P:1e-729	Tpos:434.7,Tstd:351.4,Bpos:202.6,Bstd:200.1,StrandBias:0.2,Multiplicity:1.02
0.107	0.779	0.001	0.113
0.001	0.001	0.001	0.997
0.630	0.001	0.001	0.368
0.001	0.130	0.001	0.868
0.866	0.095	0.001	0.038
0.997	0.001	0.001	0.001
0.061	0.273	0.665	0.001
0.001	0.001	0.022	0.976
0.159	0.397	0.436	0.007
0.204	0.125	0.208	0.463
>ATATCTTATC	3-ATATCTTATC	8.511709	-1513.940315	0	T:3791.0(3.51%),B:55.4(1.25%),P:1e-657	Tpos:467.8,Tstd:351.1,Bpos:406.5,Bstd:288.1,StrandBias:0.0,Multiplicity:1.04
0.737	0.074	0.045	0.144
0.129	0.018	0.047	0.806
0.875	0.061	0.063	0.001
0.031	0.010	0.029	0.930
0.001	0.944	0.027	0.028
0.017	0.016	0.001	0.966
0.023	0.035	0.020	0.922
0.921	0.077	0.001	0.001
0.030	0.001	0.017	0.952
0.028	0.946	0.025	0.001
>TACACGATGA	4-TACACGATGA	9.893268	-1477.059806	0	T:795.0(0.74%),B:2.5(0.06%),P:1e-641	Tpos:420.2,Tstd:315.7,Bpos:726.4,Bstd:442.0,StrandBias:0.2,Multiplicity:1.00
0.011	0.013	0.052	0.924
0.691	0.108	0.095	0.106
0.005	0.922	0.041	0.032
0.934	0.007	0.002	0.057
0.213	0.519	0.149	0.119
0.196	0.170	0.475	0.159
0.839	0.057	0.087	0.017
0.101	0.001	0.034	0.864
0.015	0.038	0.927	0.020
0.904	0.010	0.044	0.042
>AAAGTCAAGG	5-AAAGTCAAGG	10.565733	-1356.250120	0	T:602.0(0.56%),B:1.5(0.03%),P:1e-589	Tpos:489.4,Tstd:379.3,Bpos:313.8,Bstd:26.3,StrandBias:0.1,Multiplicity:1.00
0.997	0.001	0.001	0.001
0.997	0.001	0.001	0.001
0.997	0.001	0.001	0.001
0.001	0.001	0.997	0.001
0.001	0.001	0.001	0.997
0.001	0.997	0.001	0.001
0.997	0.001	0.001	0.001
0.960	0.038	0.001	0.001
0.001	0.001	0.997	0.001
0.001	0.001	0.997	0.001
>CTGTGATTCA	6-CTGTGATTCA	8.725801	-1207.992215	0	T:989.0(0.92%),B:5.8(0.13%),P:1e-524	Tpos:461.2,Tstd:326.2,Bpos:328.2,Bstd:200.5,StrandBias:-0.1,Multiplicity:1.01
0.001	0.997	0.001	0.001
0.001	0.001	0.019	0.979
0.001	0.001	0.997	0.001
0.001	0.001	0.001	0.997
0.001	0.001	0.997	0.001
0.997	0.001	0.001	0.001
0.001	0.001	0.001	0.997
0.001	0.001	0.232	0.766
0.001	0.997	0.001	0.001
0.990	0.001	0.008	0.001
>TCAGTGTCCT	7-TCAGTGTCCT	13.625961	-1108.174663	0	T:523.0(0.48%),B:1.6(0.04%),P:1e-481	Tpos:497.8,Tstd:351.2,Bpos:722.0,Bstd:0.0,StrandBias:0.1,Multiplicity:1.00
0.001	0.001	0.001	0.997
0.001	0.997	0.001	0.001
0.900	0.098	0.001	0.001
0.001	0.001	0.997	0.001
0.001	0.001	0.001	0.997
0.001	0.001	0.997	0.001
0.001	0.001	0.001	0.997
0.100	0.898	0.001	0.001
0.001	0.997	0.001	0.001
0.001	0.001	0.001	0.997
>TGGCTTTTTG	8-TGGCTTTTTG	11.811556	-1078.135560	0	T:647.0(0.60%),B:2.8(0.06%),P:1e-468	Tpos:527.0,Tstd:422.5,Bpos:153.3,Bstd:149.2,StrandBias:-0.0,Multiplicity:1.01
0.001	0.011	0.001	0.987
0.078	0.001	0.920	0.001
0.174	0.001	0.824	0.001
0.001	0.997	0.001	0.001
0.001	0.001	0.007	0.991
0.001	0.001	0.001	0.997
0.001	0.001	0.001	0.997
0.176	0.001	0.001	0.822
0.001	0.001	0.001	0.997
0.001	0.001	0.997	0.001
>ATATTTTTCC	9-ATATTTTTCC	9.781627	-1067.794755	0	T:643.0(0.60%),B:2.0(0.05%),P:1e-463	Tpos:496.0,Tstd:333.8,Bpos:230.8,Bstd:103.6,StrandBias:-0.0,Multiplicity:1.02
0.997	0.001	0.001	0.001
0.001	0.001	0.001	0.997
0.997	0.001	0.001	0.001
0.001	0.001	0.001	0.997
0.001	0.184	0.001	0.814
0.001	0.001	0.001	0.997
0.001	0.001	0.001	0.997
0.001	0.001	0.001	0.997
0.001	0.997	0.001	0.001
0.001	0.904	0.094	0.001
>TRAAAATTTT	10-TRAAAATTTT	13.055016	-1021.394627	0	T:973.0(0.90%),B:6.7(0.15%),P:1e-443	Tpos:466.6,Tstd:350.7,Bpos:341.3,Bstd:252.5,StrandBias:0.2,Multiplicity:1.01
0.001	0.001	0.001	0.997
0.458	0.001	0.540	0.001
0.997	0.001	0.001	0.001
0.997	0.001	0.001	0.001
0.997	0.001	0.001	0.001
0.997	0.001	0.001	0.001
0.001	0.001	0.001	0.997
0.001	0.001	0.001	0.997
0.001	0.001	0.001	0.997
0.001	0.001	0.001	0.997
>ATACGTCTGT	11-ATACGTCTGT	11.453653	-981.061655	0	T:481.0(0.45%),B:0.0(0.00%),P:1e-426	Tpos:466.3,Tstd:369.9,Bpos:0.0,Bstd:0.0,StrandBias:0.1,Multiplicity:1.00
0.997	0.001	0.001	0.001
0.082	0.034	0.052	0.832
0.987	0.001	0.005	0.007
0.170	0.549	0.084	0.197
0.001	0.001	0.685	0.313
0.001	0.001	0.004	0.994
0.001	0.957	0.040	0.002
0.001	0.001	0.001	0.997
0.001	0.001	0.997	0.001
0.001	0.001	0.001	0.997
>TGCATCGTCT	12-TGCATCGTCT	6.881961	-936.369408	0	T:855.0(0.79%),B:5.8(0.13%),P:1e-406	Tpos:497.3,Tstd:386.1,Bpos:488.4,Bstd:293.6,StrandBias:0.3,Multiplicity:1.01
0.001	0.001	0.001	0.997
0.001	0.001	0.680	0.318
0.001	0.997	0.001	0.001
0.997	0.001	0.001	0.001
0.001	0.001	0.001	0.997
0.001	0.997	0.001	0.001
0.001	0.001	0.952	0.046
0.001	0.001	0.001	0.997
0.001	0.997	0.001	0.001
0.001	0.001	0.001	0.997
>TCTACTCSAT	13-TCTACTCSAT	11.087319	-895.960190	0	T:575.0(0.53%),B:2.3(0.05%),P:1e-389	Tpos:448.8,Tstd:341.3,Bpos:337.4,Bstd:36.0,StrandBias:-0.2,Multiplicity:1.01
0.001	0.001	0.001	0.997
0.001	0.997	0.001	0.001
0.001	0.005	0.001	0.993
0.997	0.001	0.001	0.001
0.001	0.997	0.001	0.001
0.001	0.001	0.001	0.997
0.077	0.640	0.199	0.084
0.149	0.323	0.375	0.153
0.994	0.004	0.001	0.001
0.001	0.001	0.001	0.997
>GAAAATGAGT	14-GAAAATGAGT	8.027093	-866.396068	0	T:659.0(0.61%),B:3.3(0.08%),P:1e-376	Tpos:457.9,Tstd:344.6,Bpos:627.7,Bstd:143.7,StrandBias:-0.2,Multiplicity:1.00
0.001	0.001	0.997	0.001
0.997	0.001	0.001	0.001
0.997	0.001	0.001	0.001
0.997	0.001	0.001	0.001
0.997	0.001	0.001	0.001
0.001	0.001	0.001	0.997
0.001	0.001	0.748	0.250
0.994	0.004	0.001	0.001
0.001	0.001	0.997	0.001
0.001	0.001	0.001	0.997
>GACATCAACG	15-GACATCAACG	9.331074	-835.214520	0	T:938.0(0.87%),B:7.9(0.18%),P:1e-362	Tpos:469.8,Tstd:358.5,Bpos:328.7,Bstd:234.7,StrandBias:0.1,Multiplicity:1.01
0.030	0.027	0.917	0.026
0.907	0.024	0.023	0.046
0.095	0.864	0.031	0.010
0.912	0.072	0.005	0.011
0.027	0.046	0.079	0.848
0.031	0.842	0.105	0.022
0.916	0.066	0.003	0.015
0.688	0.102	0.085	0.125
0.224	0.442	0.186	0.148
0.141	0.058	0.662	0.139
>GATGAWGAAA	16-GATGAWGAAA	7.621294	-821.581744	0	T:930.0(0.86%),B:8.0(0.18%),P:1e-356	Tpos:474.0,Tstd:350.5,Bpos:417.9,Bstd:330.1,StrandBias:-0.1,Multiplicity:1.00
0.001	0.001	0.997	0.001
0.997	0.001	0.001	0.001
0.001	0.001	0.001	0.997
0.001	0.001	0.997	0.001
0.997	0.001	0.001	0.001
0.442	0.002	0.001	0.555
0.001	0.001	0.997	0.001
0.997	0.001	0.001	0.001
0.997	0.001	0.001	0.001
0.997	0.001	0.001	0.001
>ATATATTTTA	17-ATATATTTTA	11.732168	-737.158052	0	T:599.0(0.55%),B:3.6(0.08%),P:1e-320	Tpos:490.2,Tstd:359.1,Bpos:468.9,Bstd:221.1,StrandBias:-0.2,Multiplicity:1.02
0.997	0.001	0.001	0.001
0.001	0.001	0.001	0.997
0.997	0.001	0.001	0.001
0.001	0.001	0.001	0.997
0.997	0.001	0.001	0.001
0.001	0.001	0.001	0.997
0.001	0.001	0.001	0.997
0.122	0.001	0.001	0.876
0.001	0.001	0.001	0.997
0.997	0.001	0.001	0.001
>TTCACTTACA	18-TTCACTTACA	7.474393	-697.976437	0	T:10349.0(9.58%),B:291.9(6.61%),P:1e-303	Tpos:469.9,Tstd:351.4,Bpos:515.6,Bstd:397.3,StrandBias:-0.0,Multiplicity:1.08
0.091	0.014	0.098	0.797
0.045	0.093	0.063	0.799
0.104	0.731	0.093	0.072
0.844	0.030	0.013	0.113
0.083	0.818	0.047	0.052
0.075	0.059	0.004	0.862
0.049	0.119	0.066	0.766
0.757	0.049	0.110	0.084
0.072	0.775	0.106	0.047
0.848	0.065	0.025	0.062
>AWGACCTTGA	19-AWGACCTTGA	6.700222	-637.152694	0	T:25663.0(23.75%),B:855.3(19.37%),P:1e-276	Tpos:467.1,Tstd:337.3,Bpos:518.7,Bstd:419.0,StrandBias:0.0,Multiplicity:1.18
0.439	0.114	0.255	0.192
0.261	0.191	0.187	0.361
0.266	0.204	0.425	0.105
0.598	0.021	0.184	0.197
0.001	0.773	0.096	0.130
0.273	0.715	0.001	0.011
0.278	0.001	0.001	0.720
0.001	0.001	0.114	0.884
0.004	0.227	0.751	0.018
0.576	0.176	0.102	0.146
>TAGTTTTTTT	20-TAGTTTTTTT	11.109684	-630.610716	0	T:926.0(0.86%),B:9.4(0.21%),P:1e-273	Tpos:478.0,Tstd:373.8,Bpos:297.7,Bstd:127.0,StrandBias:-0.2,Multiplicity:1.00
0.001	0.001	0.001	0.997
0.997	0.001	0.001	0.001
0.001	0.001	0.997	0.001
0.001	0.001	0.001	0.997
0.001	0.001	0.001	0.997
0.388	0.001	0.001	0.610
0.001	0.001	0.001	0.997
0.001	0.001	0.001	0.997
0.001	0.001	0.001	0.997
0.001	0.001	0.107	0.891
>GCGAGTATAA	21-GCGAGTATAA	8.350283	-580.754024	0	T:891.0(0.82%),B:9.9(0.22%),P:1e-252	Tpos:462.8,Tstd:310.4,Bpos:569.9,Bstd:169.7,StrandBias:0.2,Multiplicity:1.00
0.100	0.100	0.700	0.100
0.100	0.700	0.100	0.100
0.100	0.100	0.700	0.100
0.700	0.100	0.100	0.100
0.100	0.100	0.700	0.100
0.100	0.100	0.100	0.700
0.700	0.100	0.100	0.100
0.100	0.100	0.100	0.700
0.700	0.100	0.100	0.100
0.700	0.100	0.100	0.100
>CGTACTAGTA	22-CGTACTAGTA	8.350283	-531.987841	0	T:418.0(0.39%),B:2.6(0.06%),P:1e-231	Tpos:467.0,Tstd:350.8,Bpos:416.6,Bstd:236.4,StrandBias:-0.1,Multiplicity:1.01
0.100	0.700	0.100	0.100
0.100	0.100	0.700	0.100
0.100	0.100	0.100	0.700
0.700	0.100	0.100	0.100
0.100	0.700	0.100	0.100
0.100	0.100	0.100	0.700
0.700	0.100	0.100	0.100
0.100	0.100	0.700	0.100
0.100	0.100	0.100	0.700
0.700	0.100	0.100	0.100
>TGTGTCATTT	23-TGTGTCATTT	10.296193	-496.967184	0	T:547.0(0.51%),B:4.2(0.10%),P:1e-215	Tpos:515.4,Tstd:406.5,Bpos:413.8,Bstd:178.7,StrandBias:-0.2,Multiplicity:1.01
0.100	0.100	0.100	0.700
0.100	0.100	0.700	0.100
0.100	0.100	0.100	0.700
0.100	0.100	0.700	0.100
0.100	0.100	0.100	0.700
0.100	0.700	0.100	0.100
0.700	0.100	0.100	0.100
0.100	0.100	0.100	0.700
0.100	0.100	0.100	0.700
0.100	0.100	0.100	0.700
>AAAGACTTTT	24-AAAGACTTTT	10.296193	-423.974451	0	T:439.0(0.41%),B:3.9(0.09%),P:1e-184	Tpos:445.4,Tstd:363.6,Bpos:452.0,Bstd:200.1,StrandBias:-0.3,Multiplicity:1.00
0.700	0.100	0.100	0.100
0.700	0.100	0.100	0.100
0.700	0.100	0.100	0.100
0.100	0.100	0.700	0.100
0.700	0.100	0.100	0.100
0.100	0.700	0.100	0.100
0.100	0.100	0.100	0.700
0.100	0.100	0.100	0.700
0.100	0.100	0.100	0.700
0.100	0.100	0.100	0.700
>CCCGCGCCCG	25-CCCGCGCCCG	9.731139	-34.793572	0	T:1127.0(1.04%),B:36.9(0.83%),P:1e-15	Tpos:686.7,Tstd:389.6,Bpos:672.6,Bstd:290.6,StrandBias:-0.3,Multiplicity:1.19
0.039	0.783	0.081	0.097
0.046	0.877	0.076	0.001
0.079	0.771	0.078	0.072
0.061	0.110	0.776	0.053
0.049	0.800	0.102	0.049
0.056	0.119	0.737	0.088
0.029	0.809	0.101	0.061
0.044	0.846	0.032	0.078
0.027	0.786	0.081	0.106
0.074	0.102	0.763	0.061
