>TGTTTTACGT	1-TGTTTTACGT	5.563647	-527.086462	0	T:9817.0(54.93%),B:1072.0(42.87%),P:1e-228	Tpos:361.3,Tstd:256.1,Bpos:232.1,Bstd:168.4,StrandBias:0.0,Multiplicity:1.45
0.039	0.005	0.125	0.831
0.036	0.097	0.819	0.048
0.051	0.071	0.123	0.755
0.027	0.085	0.094	0.794
0.021	0.062	0.030	0.887
0.042	0.197	0.115	0.646
0.541	0.196	0.164	0.099
0.258	0.445	0.140	0.158
0.137	0.130	0.550	0.183
0.117	0.034	0.114	0.735
>TTATCCGATG	2-TTATCCGATG	4.581656	-503.986340	0	T:10835.0(60.63%),B:1221.4(48.84%),P:1e-218	Tpos:362.1,Tstd:262.6,Bpos:244.7,Bstd:173.8,StrandBias:0.0,Multiplicity:1.67
0.106	0.094	0.130	0.670
0.098	0.121	0.176	0.605
0.538	0.196	0.112	0.154
0.101	0.209	0.135	0.555
0.094	0.678	0.107	0.121
0.212	0.484	0.105	0.198
0.136	0.181	0.532	0.151
0.570	0.144	0.169	0.117
0.133	0.046	0.173	0.648
0.087	0.102	0.721	0.090
>ACGTCTAAAG	3-ACGTCTAAAG	7.171040	-454.716413	0	T:193.0(1.08%),B:1.0(0.04%),P:1e-197	Tpos:456.4,Tstd:294.9,Bpos:197.0,Bstd:0.0,StrandBias:0.2,Multiplicity:1.01
0.679	0.139	0.080	0.102
0.207	0.430	0.169	0.194
0.151	0.187	0.442	0.220
0.102	0.146	0.130	0.622
0.099	0.652	0.121	0.128
0.191	0.155	0.066	0.588
0.548	0.192	0.168	0.092
0.638	0.173	0.122	0.067
0.707	0.055	0.156	0.082
0.124	0.105	0.695	0.076
>TAGGTTCACG	4-TAGGTTCACG	4.547399	-399.486463	0	T:10098.0(56.50%),B:1150.4(46.00%),P:1e-173	Tpos:371.3,Tstd:274.3,Bpos:248.2,Bstd:171.3,StrandBias:-0.0,Multiplicity:1.60
0.030	0.138	0.181	0.651
0.937	0.010	0.012	0.041
0.132	0.002	0.775	0.091
0.004	0.195	0.786	0.015
0.028	0.007	0.017	0.948
0.018	0.082	0.024	0.876
0.024	0.880	0.021	0.075
0.865	0.030	0.004	0.101
0.177	0.578	0.120	0.125
0.024	0.234	0.724	0.018
>CGGATAGACT	5-CGGATAGACT	1.209718	-388.162389	0	T:11873.0(66.44%),B:1407.7(56.29%),P:1e-168	Tpos:364.7,Tstd:265.6,Bpos:250.2,Bstd:171.9,StrandBias:0.0,Multiplicity:1.66
0.133	0.565	0.301	0.001
0.254	0.001	0.581	0.164
0.001	0.001	0.997	0.001
0.997	0.001	0.001	0.001
0.002	0.050	0.020	0.928
0.744	0.001	0.254	0.001
0.001	0.001	0.997	0.001
0.584	0.411	0.004	0.001
0.001	0.997	0.001	0.001
0.001	0.001	0.001	0.997
>TAACGAACAA	6-TAACGAACAA	4.458463	-323.022926	0	T:15156.0(84.81%),B:1931.9(77.25%),P:1e-140	Tpos:361.2,Tstd:265.2,Bpos:240.4,Bstd:172.1,StrandBias:0.0,Multiplicity:2.46
0.100	0.100	0.100	0.700
0.700	0.100	0.100	0.100
0.700	0.100	0.100	0.100
0.100	0.700	0.100	0.100
0.100	0.100	0.700	0.100
0.700	0.100	0.100	0.100
0.700	0.100	0.100	0.100
0.100	0.700	0.100	0.100
0.700	0.100	0.100	0.100
0.700	0.100	0.100	0.100
>AGGGGTATCC	7-AGGGGTATCC	9.231153	-312.627449	0	T:368.0(2.06%),B:10.5(0.42%),P:1e-135	Tpos:399.2,Tstd:279.9,Bpos:309.3,Bstd:232.4,StrandBias:-0.2,Multiplicity:1.01
0.679	0.083	0.115	0.123
0.034	0.005	0.891	0.070
0.185	0.001	0.791	0.023
0.065	0.001	0.858	0.076
0.012	0.001	0.982	0.005
0.067	0.147	0.107	0.679
0.468	0.222	0.307	0.003
0.011	0.002	0.053	0.934
0.002	0.775	0.135	0.088
0.003	0.945	0.008	0.044
>TCGATTGTAA	8-TCGATTGTAA	4.458463	-304.689658	0	T:13811.0(77.28%),B:1726.1(69.02%),P:1e-132	Tpos:361.5,Tstd:271.6,Bpos:238.0,Bstd:175.1,StrandBias:0.0,Multiplicity:2.29
0.100	0.100	0.100	0.700
0.100	0.700	0.100	0.100
0.100	0.100	0.700	0.100
0.700	0.100	0.100	0.100
0.100	0.100	0.100	0.700
0.100	0.100	0.100	0.700
0.100	0.100	0.700	0.100
0.100	0.100	0.100	0.700
0.700	0.100	0.100	0.100
0.700	0.100	0.100	0.100
>GGCTGAGCAG	9-GGCTGAGCAG	10.565733	-282.736874	0	T:253.0(1.42%),B:5.7(0.23%),P:1e-122	Tpos:416.3,Tstd:297.2,Bpos:299.5,Bstd:134.5,StrandBias:-0.1,Multiplicity:1.01
0.001	0.001	0.997	0.001
0.001	0.001	0.997	0.001
0.001	0.997	0.001	0.001
0.001	0.001	0.001	0.997
0.001	0.001	0.997	0.001
0.997	0.001	0.001	0.001
0.001	0.001	0.997	0.001
0.001	0.997	0.001	0.001
0.997	0.001	0.001	0.001
0.038	0.001	0.960	0.001
>CCCCCCCCCC	10-CCCCCCCCCC	7.997254	-277.959011	0	T:2583.0(14.45%),B:226.4(9.06%),P:1e-120	Tpos:416.3,Tstd:278.1,Bpos:230.7,Bstd:176.8,StrandBias:0.2,Multiplicity:1.20
0.001	0.947	0.051	0.001
0.001	0.997	0.001	0.001
0.001	0.997	0.001	0.001
0.077	0.826	0.096	0.001
0.001	0.997	0.001	0.001
0.001	0.997	0.001	0.001
0.001	0.997	0.001	0.001
0.001	0.926	0.072	0.001
0.001	0.997	0.001	0.001
0.074	0.850	0.075	0.001
>ATACGTGAGG	11-ATACGTGAGG	4.458463	-245.159481	0	T:15709.0(87.90%),B:2047.2(81.86%),P:1e-106	Tpos:370.9,Tstd:271.1,Bpos:249.4,Bstd:174.3,StrandBias:0.0,Multiplicity:2.20
0.700	0.100	0.100	0.100
0.100	0.100	0.100	0.700
0.700	0.100	0.100	0.100
0.100	0.700	0.100	0.100
0.100	0.100	0.700	0.100
0.100	0.100	0.100	0.700
0.100	0.100	0.700	0.100
0.700	0.100	0.100	0.100
0.100	0.100	0.700	0.100
0.100	0.100	0.700	0.100
>TACGGTCAGC	12-TACGGTCAGC	6.404373	-242.509673	0	T:4731.0(26.47%),B:493.4(19.73%),P:1e-105	Tpos:366.1,Tstd:258.9,Bpos:242.9,Bstd:156.9,StrandBias:-0.0,Multiplicity:1.12
0.100	0.100	0.100	0.700
0.700	0.100	0.100	0.100
0.100	0.700	0.100	0.100
0.100	0.100	0.700	0.100
0.100	0.100	0.700	0.100
0.100	0.100	0.100	0.700
0.100	0.700	0.100	0.100
0.700	0.100	0.100	0.100
0.100	0.100	0.700	0.100
0.100	0.700	0.100	0.100
>ATCGGATGTG	13-ATCGGATGTG	4.458463	-223.406941	0	T:15919.0(89.08%),B:2089.9(83.57%),P:1e-97	Tpos:367.7,Tstd:267.5,Bpos:245.1,Bstd:169.9,StrandBias:-0.0,Multiplicity:2.38
0.700	0.100	0.100	0.100
0.100	0.100	0.100	0.700
0.100	0.700	0.100	0.100
0.100	0.100	0.700	0.100
0.100	0.100	0.700	0.100
0.700	0.100	0.100	0.100
0.100	0.100	0.100	0.700
0.100	0.100	0.700	0.100
0.100	0.100	0.100	0.700
0.100	0.100	0.700	0.100
>TAACATTAAC	14-TAACATTAAC	8.350283	-218.451979	0	T:308.0(1.72%),B:10.5(0.42%),P:1e-94	Tpos:341.1,Tstd:244.6,Bpos:252.1,Bstd:124.5,StrandBias:-0.3,Multiplicity:1.02
0.100	0.100	0.100	0.700
0.700	0.100	0.100	0.100
0.700	0.100	0.100	0.100
0.100	0.700	0.100	0.100
0.700	0.100	0.100	0.100
0.100	0.100	0.100	0.700
0.100	0.100	0.100	0.700
0.700	0.100	0.100	0.100
0.700	0.100	0.100	0.100
0.100	0.700	0.100	0.100
>CGTTCGTGGC	15-CGTTCGTGGC	4.458463	-217.883227	0	T:15420.0(86.29%),B:2010.4(80.39%),P:1e-94	Tpos:384.7,Tstd:275.1,Bpos:250.6,Bstd:163.2,StrandBias:-0.0,Multiplicity:2.84
0.100	0.700	0.100	0.100
0.100	0.100	0.700	0.100
0.100	0.100	0.100	0.700
0.100	0.100	0.100	0.700
0.100	0.700	0.100	0.100
0.100	0.100	0.700	0.100
0.100	0.100	0.100	0.700
0.100	0.100	0.700	0.100
0.100	0.100	0.700	0.100
0.100	0.700	0.100	0.100
>TTCTTATCAR	16-TTCTTATCAR	10.313809	-216.593648	0	T:256.0(1.43%),B:7.7(0.31%),P:1e-94	Tpos:343.7,Tstd:203.1,Bpos:49.1,Bstd:33.0,StrandBias:-0.3,Multiplicity:1.00
0.001	0.008	0.001	0.990
0.001	0.001	0.101	0.897
0.001	0.997	0.001	0.001
0.001	0.001	0.001	0.997
0.001	0.001	0.001	0.997
0.801	0.025	0.173	0.001
0.001	0.124	0.001	0.874
0.052	0.853	0.085	0.010
0.638	0.043	0.029	0.290
0.316	0.050	0.397	0.238
>GTTACCTTCA	17-GTTACCTTCA	4.458463	-186.548264	0	T:16930.0(94.73%),B:2273.5(90.91%),P:1e-81	Tpos:360.7,Tstd:266.6,Bpos:244.1,Bstd:173.8,StrandBias:0.0,Multiplicity:2.27
0.100	0.100	0.700	0.100
0.100	0.100	0.100	0.700
0.100	0.100	0.100	0.700
0.700	0.100	0.100	0.100
0.100	0.700	0.100	0.100
0.100	0.700	0.100	0.100
0.100	0.100	0.100	0.700
0.100	0.100	0.100	0.700
0.100	0.700	0.100	0.100
0.700	0.100	0.100	0.100
>GCCGTCCGGA	18-GCCGTCCGGA	8.350283	-173.128630	0	T:291.0(1.63%),B:11.4(0.46%),P:1e-75	Tpos:422.3,Tstd:317.9,Bpos:223.1,Bstd:73.2,StrandBias:0.3,Multiplicity:1.04
0.100	0.100	0.700	0.100
0.100	0.700	0.100	0.100
0.100	0.700	0.100	0.100
0.100	0.100	0.700	0.100
0.100	0.100	0.100	0.700
0.100	0.700	0.100	0.100
0.100	0.700	0.100	0.100
0.100	0.100	0.700	0.100
0.100	0.100	0.700	0.100
0.700	0.100	0.100	0.100
>GGCATCATAC	19-GGCATCATAC	8.350283	-156.221418	0	T:278.0(1.56%),B:11.1(0.45%),P:1e-67	Tpos:374.2,Tstd:251.9,Bpos:269.9,Bstd:28.3,StrandBias:-0.2,Multiplicity:1.00
0.100	0.100	0.700	0.100
0.100	0.100	0.700	0.100
0.100	0.700	0.100	0.100
0.700	0.100	0.100	0.100
0.100	0.100	0.100	0.700
0.100	0.700	0.100	0.100
0.700	0.100	0.100	0.100
0.100	0.100	0.100	0.700
0.700	0.100	0.100	0.100
0.100	0.700	0.100	0.100
>GAGTACTAAC	20-GAGTACTAAC	6.953676	-135.512476	0	T:275.0(1.54%),B:12.1(0.48%),P:1e-58	Tpos:364.7,Tstd:288.8,Bpos:501.8,Bstd:116.4,StrandBias:0.2,Multiplicity:1.00
0.099	0.173	0.658	0.070
0.710	0.052	0.122	0.116
0.100	0.134	0.708	0.058
0.141	0.188	0.144	0.527
0.469	0.220	0.172	0.139
0.099	0.677	0.134	0.090
0.173	0.156	0.085	0.586
0.481	0.196	0.187	0.136
0.602	0.147	0.139	0.112
0.125	0.583	0.204	0.088
>TCCTCCCAGC	21-TCCTCCCAGC	10.296193	-133.861360	0	T:202.0(1.13%),B:7.8(0.31%),P:1e-58	Tpos:452.8,Tstd:345.1,Bpos:287.8,Bstd:124.9,StrandBias:0.4,Multiplicity:1.01
0.100	0.100	0.100	0.700
0.100	0.700	0.100	0.100
0.100	0.700	0.100	0.100
0.100	0.100	0.100	0.700
0.100	0.700	0.100	0.100
0.100	0.700	0.100	0.100
0.100	0.700	0.100	0.100
0.700	0.100	0.100	0.100
0.100	0.100	0.700	0.100
0.100	0.700	0.100	0.100
>GTGCGACAAG	22-GTGCGACAAG	4.458463	-122.609783	0	T:16211.0(90.71%),B:2176.0(87.01%),P:1e-53	Tpos:370.1,Tstd:271.2,Bpos:240.8,Bstd:165.1,StrandBias:0.0,Multiplicity:2.09
0.100	0.100	0.700	0.100
0.100	0.100	0.100	0.700
0.100	0.100	0.700	0.100
0.100	0.700	0.100	0.100
0.100	0.100	0.700	0.100
0.700	0.100	0.100	0.100
0.100	0.700	0.100	0.100
0.700	0.100	0.100	0.100
0.700	0.100	0.100	0.100
0.100	0.100	0.700	0.100
>GTGACGGGAT	23-GTGACGGGAT	4.458463	-113.461320	0	T:16348.0(91.48%),B:2201.6(88.04%),P:1e-49	Tpos:378.2,Tstd:272.4,Bpos:243.4,Bstd:169.4,StrandBias:-0.0,Multiplicity:2.43
0.100	0.100	0.700	0.100
0.100	0.100	0.100	0.700
0.100	0.100	0.700	0.100
0.700	0.100	0.100	0.100
0.100	0.700	0.100	0.100
0.100	0.100	0.700	0.100
0.100	0.100	0.700	0.100
0.100	0.100	0.700	0.100
0.700	0.100	0.100	0.100
0.100	0.100	0.100	0.700
>ACAATCATAT	24-ACAATCATAT	8.350283	-88.662924	0	T:268.0(1.50%),B:15.5(0.62%),P:1e-38	Tpos:349.8,Tstd:267.0,Bpos:171.3,Bstd:63.1,StrandBias:0.3,Multiplicity:1.01
0.700	0.100	0.100	0.100
0.100	0.700	0.100	0.100
0.700	0.100	0.100	0.100
0.700	0.100	0.100	0.100
0.100	0.100	0.100	0.700
0.100	0.700	0.100	0.100
0.700	0.100	0.100	0.100
0.100	0.100	0.100	0.700
0.700	0.100	0.100	0.100
0.100	0.100	0.100	0.700
>CCCGCTTATC	25-CCCGCTTATC	8.350283	-79.273945	0	T:269.0(1.51%),B:16.8(0.67%),P:1e-34	Tpos:385.0,Tstd:306.1,Bpos:228.6,Bstd:168.5,StrandBias:0.0,Multiplicity:1.00
0.100	0.700	0.100	0.100
0.100	0.700	0.100	0.100
0.100	0.700	0.100	0.100
0.100	0.100	0.700	0.100
0.100	0.700	0.100	0.100
0.100	0.100	0.100	0.700
0.100	0.100	0.100	0.700
0.700	0.100	0.100	0.100
0.100	0.100	0.100	0.700
0.100	0.700	0.100	0.100
