>GAAACCTGTTTT	1-GAAACCTGTTTT	10.446296	-1155.973032	0	T:389.0(0.63%),B:1.0(0.01%),P:1e-502	Tpos:716.9,Tstd:611.8,Bpos:878.0,Bstd:0.0,StrandBias:0.1,Multiplicity:1.00
0.129	0.113	0.696	0.062
0.836	0.072	0.081	0.011
0.800	0.057	0.134	0.009
0.673	0.076	0.168	0.083
0.170	0.542	0.174	0.114
0.061	0.767	0.026	0.146
0.136	0.004	0.009	0.851
0.015	0.121	0.706	0.158
0.061	0.132	0.126	0.681
0.022	0.132	0.046	0.800
0.001	0.143	0.028	0.828
0.003	0.118	0.051	0.828
>TTTACCACTGCA	2-TTTACCACTGCA	11.114610	-1073.672665	0	T:368.0(0.59%),B:2.0(0.02%),P:1e-466	Tpos:932.8,Tstd:840.9,Bpos:303.0,Bstd:0.0,StrandBias:0.3,Multiplicity:1.03
0.034	0.078	0.081	0.807
0.009	0.039	0.070	0.882
0.028	0.223	0.033	0.716
0.611	0.189	0.069	0.131
0.043	0.811	0.044	0.102
0.057	0.881	0.025	0.037
0.840	0.036	0.021	0.103
0.035	0.912	0.025	0.028
0.076	0.024	0.025	0.875
0.013	0.032	0.913	0.042
0.046	0.913	0.023	0.018
0.843	0.086	0.006	0.065
>AATGTGCTCCTC	3-AATGTGCTCCTC	10.863031	-1042.771186	0	T:434.0(0.70%),B:2.8(0.03%),P:1e-452	Tpos:616.7,Tstd:436.4,Bpos:1160.0,Bstd:0.0,StrandBias:0.2,Multiplicity:1.00
0.746	0.154	0.082	0.018
0.818	0.101	0.048	0.033
0.081	0.033	0.173	0.713
0.025	0.109	0.837	0.029
0.114	0.062	0.138	0.686
0.021	0.096	0.836	0.047
0.043	0.919	0.027	0.011
0.003	0.027	0.044	0.926
0.001	0.855	0.056	0.088
0.035	0.896	0.005	0.064
0.017	0.054	0.028	0.901
0.006	0.870	0.077	0.047
>GTTTTATTTACC	4-GTTTTATTTACC	10.409522	-1007.927437	0	T:351.0(0.56%),B:1.4(0.02%),P:1e-437	Tpos:646.6,Tstd:537.5,Bpos:730.0,Bstd:0.0,StrandBias:-0.3,Multiplicity:1.01
0.100	0.100	0.700	0.100
0.100	0.100	0.100	0.700
0.100	0.100	0.100	0.700
0.100	0.100	0.100	0.700
0.100	0.100	0.100	0.700
0.700	0.100	0.100	0.100
0.100	0.100	0.100	0.700
0.100	0.100	0.100	0.700
0.100	0.100	0.100	0.700
0.700	0.100	0.100	0.100
0.100	0.700	0.100	0.100
0.100	0.700	0.100	0.100
>GTACAGACAGCA	5-GTACAGACAGCA	10.409522	-965.824603	0	T:340.0(0.55%),B:1.5(0.02%),P:1e-419	Tpos:642.5,Tstd:468.5,Bpos:178.0,Bstd:0.0,StrandBias:-0.2,Multiplicity:1.01
0.100	0.100	0.700	0.100
0.100	0.100	0.100	0.700
0.700	0.100	0.100	0.100
0.100	0.700	0.100	0.100
0.700	0.100	0.100	0.100
0.100	0.100	0.700	0.100
0.700	0.100	0.100	0.100
0.100	0.700	0.100	0.100
0.700	0.100	0.100	0.100
0.100	0.100	0.700	0.100
0.100	0.700	0.100	0.100
0.700	0.100	0.100	0.100
>TAGAAAAAATAG	6-TAGAAAAAATAG	10.409522	-965.824603	0	T:340.0(0.55%),B:0.8(0.01%),P:1e-419	Tpos:643.6,Tstd:545.6,Bpos:366.0,Bstd:0.0,StrandBias:-0.9,Multiplicity:1.00
0.100	0.100	0.100	0.700
0.700	0.100	0.100	0.100
0.100	0.100	0.700	0.100
0.700	0.100	0.100	0.100
0.700	0.100	0.100	0.100
0.700	0.100	0.100	0.100
0.700	0.100	0.100	0.100
0.700	0.100	0.100	0.100
0.700	0.100	0.100	0.100
0.100	0.100	0.100	0.700
0.700	0.100	0.100	0.100
0.100	0.100	0.700	0.100
>AGGGATTGCCCT	7-AGGGATTGCCCT	10.409522	-954.403543	0	T:337.0(0.54%),B:1.9(0.02%),P:1e-414	Tpos:784.5,Tstd:621.8,Bpos:214.7,Bstd:2.1,StrandBias:-0.2,Multiplicity:1.00
0.700	0.100	0.100	0.100
0.100	0.100	0.700	0.100
0.100	0.100	0.700	0.100
0.100	0.100	0.700	0.100
0.700	0.100	0.100	0.100
0.100	0.100	0.100	0.700
0.100	0.100	0.100	0.700
0.100	0.100	0.700	0.100
0.100	0.700	0.100	0.100
0.100	0.700	0.100	0.100
0.100	0.700	0.100	0.100
0.100	0.100	0.100	0.700
>ACAGCAGATAAA	8-ACAGCAGATAAA	11.482313	-949.521263	0	T:406.0(0.65%),B:2.0(0.02%),P:1e-412	Tpos:847.4,Tstd:602.4,Bpos:255.0,Bstd:0.0,StrandBias:-0.1,Multiplicity:1.00
0.743	0.060	0.148	0.049
0.096	0.823	0.072	0.009
0.930	0.005	0.006	0.059
0.037	0.009	0.940	0.014
0.077	0.871	0.045	0.007
0.924	0.017	0.009	0.050
0.107	0.045	0.834	0.014
0.732	0.081	0.139	0.048
0.212	0.116	0.222	0.450
0.914	0.027	0.042	0.017
0.918	0.043	0.032	0.007
0.921	0.024	0.045	0.010
>TGGCAGTCCCAT	9-TGGCAGTCCCAT	10.409522	-931.642089	0	T:331.0(0.53%),B:1.8(0.02%),P:1e-404	Tpos:773.2,Tstd:582.2,Bpos:580.0,Bstd:0.0,StrandBias:-0.1,Multiplicity:1.00
0.100	0.100	0.100	0.700
0.100	0.100	0.700	0.100
0.100	0.100	0.700	0.100
0.100	0.700	0.100	0.100
0.700	0.100	0.100	0.100
0.100	0.100	0.700	0.100
0.100	0.100	0.100	0.700
0.100	0.700	0.100	0.100
0.100	0.700	0.100	0.100
0.100	0.700	0.100	0.100
0.700	0.100	0.100	0.100
0.100	0.100	0.100	0.700
>CCACCTTCCATA	10-CCACCTTCCATA	11.520965	-931.076437	0	T:537.0(0.86%),B:5.0(0.06%),P:1e-404	Tpos:732.3,Tstd:534.1,Bpos:339.5,Bstd:275.0,StrandBias:0.0,Multiplicity:1.01
0.015	0.889	0.079	0.017
0.010	0.971	0.010	0.009
0.802	0.062	0.024	0.112
0.004	0.835	0.116	0.045
0.013	0.937	0.028	0.022
0.019	0.128	0.004	0.849
0.016	0.027	0.060	0.897
0.001	0.976	0.020	0.003
0.040	0.943	0.006	0.011
0.743	0.063	0.101	0.093
0.178	0.240	0.119	0.463
0.697	0.084	0.179	0.040
>GGCTCCTAAGTC	11-GGCTCCTAAGTC	10.409522	-919.954150	0	T:397.0(0.64%),B:2.6(0.03%),P:1e-399	Tpos:724.4,Tstd:531.7,Bpos:686.0,Bstd:0.0,StrandBias:0.3,Multiplicity:1.00
0.100	0.100	0.700	0.100
0.100	0.100	0.700	0.100
0.100	0.700	0.100	0.100
0.100	0.100	0.100	0.700
0.100	0.700	0.100	0.100
0.100	0.700	0.100	0.100
0.100	0.100	0.100	0.700
0.700	0.100	0.100	0.100
0.700	0.100	0.100	0.100
0.100	0.100	0.700	0.100
0.100	0.100	0.100	0.700
0.100	0.700	0.100	0.100
>GACCTGAAAGAC	12-GACCTGAAAGAC	10.409522	-838.974817	0	T:422.0(0.68%),B:3.0(0.04%),P:1e-364	Tpos:709.5,Tstd:515.6,Bpos:713.0,Bstd:0.0,StrandBias:0.1,Multiplicity:1.00
0.100	0.100	0.700	0.100
0.700	0.100	0.100	0.100
0.100	0.700	0.100	0.100
0.100	0.700	0.100	0.100
0.100	0.100	0.100	0.700
0.100	0.100	0.700	0.100
0.700	0.100	0.100	0.100
0.700	0.100	0.100	0.100
0.700	0.100	0.100	0.100
0.100	0.100	0.700	0.100
0.700	0.100	0.100	0.100
0.100	0.700	0.100	0.100
>AAATACTTTTAN	13-AAATACTTTTAN	8.562860	-750.159635	0	T:344.0(0.55%),B:2.4(0.03%),P:1e-325	Tpos:608.8,Tstd:494.9,Bpos:1036.0,Bstd:0.0,StrandBias:-0.4,Multiplicity:1.01
0.401	0.202	0.198	0.199
0.653	0.120	0.106	0.121
0.597	0.109	0.121	0.173
0.177	0.127	0.149	0.547
0.487	0.158	0.148	0.207
0.124	0.605	0.086	0.185
0.117	0.108	0.035	0.740
0.054	0.089	0.090	0.767
0.064	0.105	0.074	0.757
0.116	0.150	0.103	0.631
0.508	0.177	0.107	0.208
0.294	0.204	0.196	0.306
>TCAGATGAGGCT	14-TCAGATGAGGCT	10.409522	-720.924058	0	T:381.0(0.61%),B:3.3(0.04%),P:1e-313	Tpos:739.8,Tstd:508.2,Bpos:300.0,Bstd:0.0,StrandBias:-0.0,Multiplicity:1.01
0.100	0.100	0.100	0.700
0.100	0.700	0.100	0.100
0.700	0.100	0.100	0.100
0.100	0.100	0.700	0.100
0.700	0.100	0.100	0.100
0.100	0.100	0.100	0.700
0.100	0.100	0.700	0.100
0.700	0.100	0.100	0.100
0.100	0.100	0.700	0.100
0.100	0.100	0.700	0.100
0.100	0.700	0.100	0.100
0.100	0.100	0.100	0.700
>AATGTGGGCAAG	15-AATGTGGGCAAG	10.409522	-715.908047	0	T:333.0(0.54%),B:2.7(0.03%),P:1e-310	Tpos:680.8,Tstd:531.5,Bpos:540.0,Bstd:0.0,StrandBias:0.8,Multiplicity:1.02
0.700	0.100	0.100	0.100
0.700	0.100	0.100	0.100
0.100	0.100	0.100	0.700
0.100	0.100	0.700	0.100
0.100	0.100	0.100	0.700
0.100	0.100	0.700	0.100
0.100	0.100	0.700	0.100
0.100	0.100	0.700	0.100
0.100	0.700	0.100	0.100
0.700	0.100	0.100	0.100
0.700	0.100	0.100	0.100
0.100	0.100	0.700	0.100
>TTTCCGTGTGCT	16-TTTCCGTGTGCT	10.409522	-715.908047	0	T:333.0(0.54%),B:2.8(0.03%),P:1e-310	Tpos:664.6,Tstd:507.2,Bpos:1099.0,Bstd:0.0,StrandBias:-0.4,Multiplicity:1.00
0.100	0.100	0.100	0.700
0.100	0.100	0.100	0.700
0.100	0.100	0.100	0.700
0.100	0.700	0.100	0.100
0.100	0.700	0.100	0.100
0.100	0.100	0.700	0.100
0.100	0.100	0.100	0.700
0.100	0.100	0.700	0.100
0.100	0.100	0.100	0.700
0.100	0.100	0.700	0.100
0.100	0.700	0.100	0.100
0.100	0.100	0.100	0.700
>AGGGCCACTCAA	17-AGGGCCACTCAA	10.409522	-709.719320	0	T:331.0(0.53%),B:2.9(0.04%),P:1e-308	Tpos:698.3,Tstd:471.9,Bpos:431.8,Bstd:40.5,StrandBias:0.0,Multiplicity:1.00
0.700	0.100	0.100	0.100
0.100	0.100	0.700	0.100
0.100	0.100	0.700	0.100
0.100	0.100	0.700	0.100
0.100	0.700	0.100	0.100
0.100	0.700	0.100	0.100
0.700	0.100	0.100	0.100
0.100	0.700	0.100	0.100
0.100	0.100	0.100	0.700
0.100	0.700	0.100	0.100
0.700	0.100	0.100	0.100
0.700	0.100	0.100	0.100
>TTTTGCTTACTG	18-TTTTGCTTACTG	10.409522	-700.458992	0	T:328.0(0.53%),B:2.2(0.03%),P:1e-304	Tpos:562.8,Tstd:485.1,Bpos:886.0,Bstd:0.0,StrandBias:0.1,Multiplicity:1.01
0.100	0.100	0.100	0.700
0.100	0.100	0.100	0.700
0.100	0.100	0.100	0.700
0.100	0.100	0.100	0.700
0.100	0.100	0.700	0.100
0.100	0.700	0.100	0.100
0.100	0.100	0.100	0.700
0.100	0.100	0.100	0.700
0.700	0.100	0.100	0.100
0.100	0.700	0.100	0.100
0.100	0.100	0.100	0.700
0.100	0.100	0.700	0.100
>CCAAAAAAACAT	19-CCAAAAAAACAT	10.409522	-666.741968	0	T:317.0(0.51%),B:2.7(0.03%),P:1e-289	Tpos:645.8,Tstd:509.4,Bpos:59.0,Bstd:0.0,StrandBias:0.3,Multiplicity:1.00
0.100	0.700	0.100	0.100
0.100	0.700	0.100	0.100
0.700	0.100	0.100	0.100
0.700	0.100	0.100	0.100
0.700	0.100	0.100	0.100
0.700	0.100	0.100	0.100
0.700	0.100	0.100	0.100
0.700	0.100	0.100	0.100
0.700	0.100	0.100	0.100
0.100	0.700	0.100	0.100
0.700	0.100	0.100	0.100
0.100	0.100	0.100	0.700
>AAGAAACCCATG	20-AAGAAACCCATG	10.409522	-585.707010	0	T:332.0(0.53%),B:3.5(0.04%),P:1e-254	Tpos:792.8,Tstd:616.8,Bpos:1288.0,Bstd:0.0,StrandBias:-0.0,Multiplicity:1.00
0.700	0.100	0.100	0.100
0.700	0.100	0.100	0.100
0.100	0.100	0.700	0.100
0.700	0.100	0.100	0.100
0.700	0.100	0.100	0.100
0.700	0.100	0.100	0.100
0.100	0.700	0.100	0.100
0.100	0.700	0.100	0.100
0.100	0.700	0.100	0.100
0.700	0.100	0.100	0.100
0.100	0.100	0.100	0.700
0.100	0.100	0.700	0.100
>ATGCCAAACAGG	21-ATGCCAAACAGG	10.409522	-571.060998	0	T:362.0(0.58%),B:4.4(0.05%),P:1e-248	Tpos:688.7,Tstd:511.4,Bpos:64.0,Bstd:0.0,StrandBias:0.4,Multiplicity:1.00
0.700	0.100	0.100	0.100
0.100	0.100	0.100	0.700
0.100	0.100	0.700	0.100
0.100	0.700	0.100	0.100
0.100	0.700	0.100	0.100
0.700	0.100	0.100	0.100
0.700	0.100	0.100	0.100
0.700	0.100	0.100	0.100
0.100	0.700	0.100	0.100
0.700	0.100	0.100	0.100
0.100	0.100	0.700	0.100
0.100	0.100	0.700	0.100
>CCAAAGTCCAAC	22-CCAAAGTCCAAC	10.409522	-531.614070	0	T:346.0(0.56%),B:4.4(0.05%),P:1e-230	Tpos:784.1,Tstd:565.8,Bpos:2416.0,Bstd:0.0,StrandBias:-0.3,Multiplicity:1.00
0.100	0.700	0.100	0.100
0.100	0.700	0.100	0.100
0.700	0.100	0.100	0.100
0.700	0.100	0.100	0.100
0.700	0.100	0.100	0.100
0.100	0.100	0.700	0.100
0.100	0.100	0.100	0.700
0.100	0.700	0.100	0.100
0.100	0.700	0.100	0.100
0.700	0.100	0.100	0.100
0.700	0.100	0.100	0.100
0.100	0.700	0.100	0.100
>GGTGGGACAAGT	23-GGTGGGACAAGT	10.409522	-430.992785	0	T:358.0(0.58%),B:6.3(0.08%),P:1e-187	Tpos:783.6,Tstd:575.2,Bpos:3200.0,Bstd:0.0,StrandBias:0.2,Multiplicity:1.00
0.100	0.100	0.700	0.100
0.100	0.100	0.700	0.100
0.100	0.100	0.100	0.700
0.100	0.100	0.700	0.100
0.100	0.100	0.700	0.100
0.100	0.100	0.700	0.100
0.700	0.100	0.100	0.100
0.100	0.700	0.100	0.100
0.700	0.100	0.100	0.100
0.700	0.100	0.100	0.100
0.100	0.100	0.700	0.100
0.100	0.100	0.100	0.700
>CGCGCGCGCGGC	24-CGCGCGCGCGGC	9.474966	-290.873463	0	T:14973.0(24.09%),B:1654.2(20.15%),P:1e-126	Tpos:834.0,Tstd:438.0,Bpos:864.0,Bstd:443.1,StrandBias:-0.0,Multiplicity:1.44
0.001	0.941	0.054	0.004
0.004	0.001	0.990	0.005
0.068	0.660	0.256	0.016
0.001	0.064	0.934	0.001
0.042	0.746	0.090	0.122
0.012	0.159	0.741	0.088
0.001	0.938	0.060	0.001
0.030	0.111	0.858	0.001
0.042	0.912	0.003	0.043
0.096	0.053	0.783	0.068
0.009	0.208	0.668	0.115
0.105	0.723	0.134	0.038
>GCCGCGCCGCGG	25-GCCGCGCCGCGG	9.472714	-167.070028	0	T:18033.0(29.01%),B:2118.8(25.81%),P:1e-72	Tpos:828.3,Tstd:442.5,Bpos:831.4,Bstd:421.1,StrandBias:-0.0,Multiplicity:1.62
0.055	0.088	0.790	0.067
0.039	0.861	0.053	0.047
0.035	0.837	0.074	0.054
0.021	0.103	0.803	0.073
0.037	0.814	0.102	0.047
0.034	0.085	0.854	0.027
0.025	0.874	0.062	0.039
0.051	0.855	0.051	0.043
0.036	0.063	0.865	0.036
0.065	0.806	0.104	0.025
0.031	0.103	0.806	0.060
0.040	0.078	0.836	0.046
