>TATGCGTC	1-TATGCGTC	9.381722	-590.754936	0	T:1286.0(2.07%),B:55.8(0.68%),P:1e-256	Tpos:680.1,Tstd:564.4,Bpos:851.7,Bstd:506.0,StrandBias:-0.3,Multiplicity:1.01
0.001	0.001	0.001	0.997
0.997	0.001	0.001	0.001
0.001	0.001	0.001	0.997
0.001	0.001	0.997	0.001
0.286	0.712	0.001	0.001
0.001	0.001	0.997	0.001
0.001	0.001	0.001	0.997
0.259	0.739	0.001	0.001
>TTATCAAM	2-TTATCAAM	10.281864	-423.914158	0	T:1699.0(2.73%),B:102.3(1.25%),P:1e-184	Tpos:701.5,Tstd:591.2,Bpos:687.5,Bstd:613.3,StrandBias:0.0,Multiplicity:1.04
0.001	0.001	0.001	0.997
0.001	0.001	0.001	0.997
0.997	0.001	0.001	0.001
0.001	0.001	0.001	0.997
0.001	0.997	0.001	0.001
0.997	0.001	0.001	0.001
0.997	0.001	0.001	0.001
0.543	0.455	0.001	0.001
>AAACTACT	3-AAACTACT	9.933008	-331.457363	0	T:1655.0(2.66%),B:109.0(1.33%),P:1e-143	Tpos:711.7,Tstd:586.7,Bpos:647.5,Bstd:428.2,StrandBias:-0.0,Multiplicity:1.04
0.997	0.001	0.001	0.001
0.997	0.001	0.001	0.001
0.677	0.001	0.001	0.321
0.001	0.997	0.001	0.001
0.001	0.001	0.001	0.997
0.997	0.001	0.001	0.001
0.001	0.997	0.001	0.001
0.001	0.001	0.001	0.997
>CTTAATTC	4-CTTAATTC	9.568739	-290.991879	0	T:1807.0(2.91%),B:129.7(1.58%),P:1e-126	Tpos:732.5,Tstd:584.9,Bpos:951.5,Bstd:555.1,StrandBias:0.1,Multiplicity:1.02
0.001	0.997	0.001	0.001
0.001	0.001	0.001	0.997
0.001	0.001	0.001	0.997
0.997	0.001	0.001	0.001
0.997	0.001	0.001	0.001
0.001	0.001	0.001	0.997
0.001	0.001	0.001	0.997
0.001	0.775	0.223	0.001
>TAACCGGG	5-TAACCGGG	8.236954	-287.684664	0	T:840.0(1.35%),B:43.7(0.53%),P:1e-124	Tpos:804.4,Tstd:502.1,Bpos:606.5,Bstd:409.6,StrandBias:0.2,Multiplicity:1.01
0.100	0.100	0.100	0.700
0.700	0.100	0.100	0.100
0.700	0.100	0.100	0.100
0.100	0.700	0.100	0.100
0.100	0.700	0.100	0.100
0.100	0.100	0.700	0.100
0.100	0.100	0.700	0.100
0.100	0.100	0.700	0.100
>ATATACGT	6-ATATACGT	8.236954	-263.664551	0	T:201.0(0.32%),B:3.9(0.05%),P:1e-114	Tpos:860.8,Tstd:555.2,Bpos:1158.0,Bstd:0.0,StrandBias:0.1,Multiplicity:1.00
0.700	0.100	0.100	0.100
0.100	0.100	0.100	0.700
0.700	0.100	0.100	0.100
0.100	0.100	0.100	0.700
0.700	0.100	0.100	0.100
0.100	0.700	0.100	0.100
0.100	0.100	0.700	0.100
0.100	0.100	0.100	0.700
>CGTGATAA	7-CGTGATAA	8.236954	-261.868813	0	T:365.0(0.59%),B:11.6(0.14%),P:1e-113	Tpos:766.9,Tstd:555.5,Bpos:596.5,Bstd:248.8,StrandBias:0.2,Multiplicity:1.01
0.100	0.700	0.100	0.100
0.100	0.100	0.700	0.100
0.100	0.100	0.100	0.700
0.100	0.100	0.700	0.100
0.700	0.100	0.100	0.100
0.100	0.100	0.100	0.700
0.700	0.100	0.100	0.100
0.700	0.100	0.100	0.100
>ATGCGAAT	8-ATGCGAAT	7.347982	-256.756062	0	T:5435.0(8.74%),B:527.8(6.43%),P:1e-111	Tpos:723.3,Tstd:557.9,Bpos:725.7,Bstd:575.0,StrandBias:-0.0,Multiplicity:1.06
0.864	0.001	0.001	0.134
0.001	0.001	0.122	0.876
0.001	0.109	0.889	0.001
0.002	0.996	0.001	0.001
0.001	0.001	0.677	0.321
0.817	0.001	0.181	0.001
0.872	0.001	0.001	0.126
0.001	0.001	0.001	0.997
>TATGTTTA	9-TATGTTTA	9.036764	-193.849813	0	T:1089.0(1.75%),B:75.3(0.92%),P:1e-84	Tpos:601.1,Tstd:506.0,Bpos:641.1,Bstd:789.2,StrandBias:0.1,Multiplicity:1.03
0.001	0.001	0.001	0.997
0.997	0.001	0.001	0.001
0.001	0.001	0.001	0.997
0.001	0.001	0.997	0.001
0.001	0.001	0.001	0.997
0.001	0.131	0.001	0.867
0.001	0.001	0.001	0.997
0.997	0.001	0.001	0.001
>GTCATAAA	10-GTCATAAA	8.236954	-168.983817	0	T:913.0(1.47%),B:62.7(0.76%),P:1e-73	Tpos:699.4,Tstd:539.9,Bpos:731.9,Bstd:593.2,StrandBias:-0.1,Multiplicity:1.02
0.100	0.100	0.700	0.100
0.100	0.100	0.100	0.700
0.100	0.700	0.100	0.100
0.700	0.100	0.100	0.100
0.100	0.100	0.100	0.700
0.700	0.100	0.100	0.100
0.700	0.100	0.100	0.100
0.700	0.100	0.100	0.100
>ATCGRCCG	11-ATCGRCCG	9.248810	-162.141802	0	T:2024.0(3.26%),B:176.9(2.15%),P:1e-70	Tpos:789.2,Tstd:494.0,Bpos:832.2,Bstd:541.2,StrandBias:-0.1,Multiplicity:1.02
0.994	0.004	0.001	0.001
0.001	0.001	0.001	0.997
0.001	0.639	0.359	0.001
0.001	0.001	0.997	0.001
0.566	0.001	0.432	0.001
0.001	0.994	0.004	0.001
0.001	0.997	0.001	0.001
0.001	0.001	0.797	0.201
>GGCCGACG	12-GGCCGACG	9.420235	-159.064851	0	T:14244.0(22.91%),B:1645.1(20.04%),P:1e-69	Tpos:844.6,Tstd:462.7,Bpos:795.9,Bstd:413.9,StrandBias:-0.0,Multiplicity:1.29
0.001	0.001	0.997	0.001
0.001	0.041	0.957	0.001
0.053	0.839	0.086	0.022
0.001	0.901	0.070	0.028
0.027	0.001	0.971	0.001
0.463	0.179	0.288	0.070
0.001	0.936	0.001	0.062
0.001	0.001	0.997	0.001
>GGCAGCAT	13-GGCAGCAT	8.236954	-136.931848	0	T:2606.0(4.19%),B:248.0(3.02%),P:1e-59	Tpos:750.9,Tstd:531.0,Bpos:918.2,Bstd:817.8,StrandBias:0.2,Multiplicity:1.05
0.100	0.100	0.700	0.100
0.100	0.100	0.700	0.100
0.100	0.700	0.100	0.100
0.700	0.100	0.100	0.100
0.100	0.100	0.700	0.100
0.100	0.700	0.100	0.100
0.700	0.100	0.100	0.100
0.100	0.100	0.100	0.700
>CCGACGTC	14-CCGACGTC	6.411719	-135.262463	0	T:25619.0(41.21%),B:3123.5(38.04%),P:1e-58	Tpos:791.5,Tstd:466.4,Bpos:811.1,Bstd:431.2,StrandBias:0.0,Multiplicity:1.49
0.056	0.925	0.012	0.007
0.001	0.837	0.161	0.001
0.001	0.001	0.997	0.001
0.873	0.063	0.063	0.001
0.001	0.856	0.090	0.053
0.022	0.114	0.812	0.052
0.057	0.051	0.122	0.770
0.001	0.954	0.044	0.001
>ATTATCGG	15-ATTATCGG	8.236954	-125.121266	0	T:233.0(0.37%),B:9.6(0.12%),P:1e-54	Tpos:746.7,Tstd:506.2,Bpos:247.0,Bstd:0.0,StrandBias:-0.3,Multiplicity:1.00
0.700	0.100	0.100	0.100
0.100	0.100	0.100	0.700
0.100	0.100	0.100	0.700
0.700	0.100	0.100	0.100
0.100	0.100	0.100	0.700
0.100	0.700	0.100	0.100
0.100	0.100	0.700	0.100
0.100	0.100	0.700	0.100
>CCGCGCGA	16-CCGCGCGA	8.236954	-108.126593	0	T:3589.0(5.77%),B:371.6(4.53%),P:1e-46	Tpos:793.1,Tstd:427.8,Bpos:712.8,Bstd:380.0,StrandBias:-0.1,Multiplicity:1.02
0.100	0.700	0.100	0.100
0.100	0.700	0.100	0.100
0.100	0.100	0.700	0.100
0.100	0.700	0.100	0.100
0.100	0.100	0.700	0.100
0.100	0.700	0.100	0.100
0.100	0.100	0.700	0.100
0.700	0.100	0.100	0.100
>CGSGCGCG	17-CGSGCGCG	8.585591	-66.331275	0	T:22372.0(35.99%),B:2779.6(33.85%),P:1e-28	Tpos:827.7,Tstd:454.0,Bpos:838.5,Bstd:445.8,StrandBias:0.0,Multiplicity:1.80
0.001	0.997	0.001	0.001
0.001	0.001	0.997	0.001
0.001	0.357	0.420	0.222
0.001	0.001	0.997	0.001
0.001	0.997	0.001	0.001
0.001	0.001	0.765	0.233
0.001	0.997	0.001	0.001
0.001	0.001	0.997	0.001
>GGGGCGGC	18-GGGGCGGC	10.302845	-57.641008	0	T:15290.0(24.60%),B:1874.4(22.83%),P:1e-25	Tpos:824.3,Tstd:460.1,Bpos:809.3,Bstd:434.6,StrandBias:0.1,Multiplicity:1.34
0.112	0.001	0.886	0.001
0.001	0.001	0.997	0.001
0.109	0.142	0.679	0.070
0.033	0.001	0.889	0.077
0.001	0.997	0.001	0.001
0.001	0.001	0.861	0.137
0.001	0.001	0.997	0.001
0.001	0.997	0.001	0.001
>CGTCGGCG	19-CGTCGGCG	7.974379	-50.363619	0	T:18794.0(30.23%),B:2337.9(28.47%),P:1e-21	Tpos:844.4,Tstd:440.4,Bpos:892.3,Bstd:448.6,StrandBias:-0.0,Multiplicity:1.62
0.001	0.950	0.048	0.001
0.001	0.073	0.812	0.114
0.063	0.001	0.370	0.566
0.001	0.997	0.001	0.001
0.048	0.095	0.831	0.026
0.010	0.001	0.988	0.001
0.025	0.943	0.001	0.031
0.001	0.061	0.937	0.001
>CGCCGAGG	20-CGCCGAGG	8.778468	-30.280485	0	T:17970.0(28.91%),B:2264.5(27.58%),P:1e-13	Tpos:827.2,Tstd:445.7,Bpos:822.1,Bstd:425.2,StrandBias:-0.0,Multiplicity:1.40
0.001	0.919	0.079	0.001
0.134	0.001	0.864	0.001
0.023	0.773	0.109	0.095
0.001	0.901	0.001	0.097
0.029	0.001	0.969	0.001
0.640	0.186	0.173	0.001
0.001	0.001	0.997	0.001
0.001	0.001	0.997	0.001
>TCGAGGGC	21-TCGAGGGC	7.879404	-24.561955	0	T:22501.0(36.20%),B:2868.0(34.93%),P:1e-10	Tpos:796.4,Tstd:494.5,Bpos:798.9,Bstd:470.4,StrandBias:-0.1,Multiplicity:1.43
0.001	0.110	0.127	0.762
0.035	0.791	0.078	0.096
0.102	0.087	0.810	0.001
0.878	0.120	0.001	0.001
0.001	0.019	0.958	0.022
0.001	0.053	0.945	0.001
0.023	0.001	0.975	0.001
0.107	0.878	0.001	0.014
>GGTCCGCG	22-GGTCCGCG	8.236954	-23.123844	0	T:4639.0(7.46%),B:559.5(6.81%),P:1e-10	Tpos:808.7,Tstd:469.9,Bpos:854.7,Bstd:450.3,StrandBias:-0.1,Multiplicity:1.08
0.100	0.100	0.700	0.100
0.100	0.100	0.700	0.100
0.100	0.100	0.100	0.700
0.100	0.700	0.100	0.100
0.100	0.700	0.100	0.100
0.100	0.100	0.700	0.100
0.100	0.700	0.100	0.100
0.100	0.100	0.700	0.100
>CGCGCGTG	23-CGCGCGTG	7.877611	-18.594015	0	T:19089.0(30.71%),B:2437.0(29.68%),P:1e-8	Tpos:819.9,Tstd:454.6,Bpos:807.3,Bstd:414.8,StrandBias:0.0,Multiplicity:1.38
0.040	0.819	0.106	0.035
0.001	0.001	0.997	0.001
0.150	0.768	0.057	0.025
0.001	0.064	0.934	0.001
0.001	0.997	0.001	0.001
0.028	0.001	0.950	0.021
0.107	0.001	0.274	0.618
0.001	0.091	0.907	0.001
>CGGSCCTG	24-CGGSCCTG	9.112693	-11.644134	0	T:19865.0(31.96%),B:2558.3(31.16%),P:1e-5	Tpos:784.6,Tstd:477.3,Bpos:798.4,Bstd:495.1,StrandBias:-0.0,Multiplicity:1.35
0.001	0.997	0.001	0.001
0.001	0.001	0.997	0.001
0.001	0.001	0.997	0.001
0.001	0.462	0.313	0.224
0.001	0.997	0.001	0.001
0.001	0.693	0.305	0.001
0.001	0.001	0.001	0.997
0.001	0.001	0.997	0.001
>GGGTCGCG	25-GGGTCGCG	9.159583	-10.151977	0	T:16988.0(27.33%),B:2186.4(26.63%),P:1e-4	Tpos:823.4,Tstd:452.5,Bpos:800.9,Bstd:419.8,StrandBias:-0.1,Multiplicity:1.44
0.001	0.001	0.997	0.001
0.034	0.001	0.964	0.001
0.057	0.039	0.903	0.001
0.001	0.190	0.268	0.541
0.001	0.997	0.001	0.001
0.065	0.141	0.732	0.062
0.001	0.997	0.001	0.001
0.037	0.105	0.857	0.001
