>ATAGCCATRG	1-ATAGCCATRG,BestGuess:CRZ1/MA0285.2/Jaspar(0.607)	9.842380	-1399.079502	0	T:656.0(1.06%),B:4.2(0.05%),P:1e-607
0.981	0.017	0.001	0.001
0.001	0.001	0.001	0.997
0.637	0.313	0.049	0.001
0.001	0.001	0.997	0.001
0.249	0.629	0.001	0.121
0.003	0.921	0.047	0.029
0.822	0.041	0.057	0.080
0.001	0.346	0.001	0.652
0.512	0.001	0.370	0.117
0.130	0.001	0.865	0.004
>GAAACCTGTTTT	1-GAAACCTGTTTT,BestGuess:GRHL2/MA1105.3/Jaspar(0.754)	10.446296	-1155.973032	0	T:389.0(0.63%),B:1.0(0.01%),P:1e-502
0.129	0.113	0.696	0.062
0.836	0.072	0.081	0.011
0.800	0.057	0.134	0.009
0.673	0.076	0.168	0.083
0.170	0.542	0.174	0.114
0.061	0.767	0.026	0.146
0.136	0.004	0.009	0.851
0.015	0.121	0.706	0.158
0.061	0.132	0.126	0.681
0.022	0.132	0.046	0.800
0.001	0.143	0.028	0.828
0.003	0.118	0.051	0.828
>CATGGCATGC	2-CATGGCATGC,BestGuess:ABI3/MA0564.2/Jaspar(0.736)	10.346077	-1139.885471	0	T:521.0(0.84%),B:3.7(0.05%),P:1e-495
0.050	0.948	0.001	0.001
0.963	0.001	0.023	0.013
0.324	0.007	0.130	0.539
0.001	0.038	0.875	0.086
0.042	0.260	0.653	0.045
0.001	0.706	0.001	0.292
0.997	0.001	0.001	0.001
0.001	0.099	0.001	0.899
0.054	0.001	0.816	0.129
0.001	0.848	0.001	0.150
>TTTACCACTGCA	2-TTTACCACTGCA,BestGuess:PB0091.1_Zbtb3_1/Jaspar(0.759)	11.114610	-1073.672665	0	T:368.0(0.59%),B:2.0(0.02%),P:1e-466
0.034	0.078	0.081	0.807
0.009	0.039	0.070	0.882
0.028	0.223	0.033	0.716
0.611	0.189	0.069	0.131
0.043	0.811	0.044	0.102
0.057	0.881	0.025	0.037
0.840	0.036	0.021	0.103
0.035	0.912	0.025	0.028
0.076	0.024	0.025	0.875
0.013	0.032	0.913	0.042
0.046	0.913	0.023	0.018
0.843	0.086	0.006	0.065
>AATGTGCTCCTC	3-AATGTGCTCCTC,BestGuess:SRSF9(RRM)/Homo_sapiens-RNCMPT00074-PBM/HughesRNA(0.748)	10.863031	-1042.771186	0	T:434.0(0.70%),B:2.8(0.03%),P:1e-452
0.746	0.154	0.082	0.018
0.818	0.101	0.048	0.033
0.081	0.033	0.173	0.713
0.025	0.109	0.837	0.029
0.114	0.062	0.138	0.686
0.021	0.096	0.836	0.047
0.043	0.919	0.027	0.011
0.003	0.027	0.044	0.926
0.001	0.855	0.056	0.088
0.035	0.896	0.005	0.064
0.017	0.054	0.028	0.901
0.006	0.870	0.077	0.047
>GTTTTATTTACC	4-GTTTTATTTACC,BestGuess:Crg-1/MA2302.1/Jaspar(0.796)	10.409522	-1007.927437	0	T:351.0(0.56%),B:1.4(0.02%),P:1e-437
0.100	0.100	0.700	0.100
0.100	0.100	0.100	0.700
0.100	0.100	0.100	0.700
0.100	0.100	0.100	0.700
0.100	0.100	0.100	0.700
0.700	0.100	0.100	0.100
0.100	0.100	0.100	0.700
0.100	0.100	0.100	0.700
0.100	0.100	0.100	0.700
0.700	0.100	0.100	0.100
0.100	0.700	0.100	0.100
0.100	0.700	0.100	0.100
>ACAGAAATAA	4-ACAGAAATAA,BestGuess:RAV1(RAV)/colamp-RAV1-DAP-Seq(GSE60143)/Homer(0.723)	12.241353	-992.582239	0	T:419.0(0.67%),B:2.9(0.04%),P:1e-431
0.997	0.001	0.001	0.001
0.001	0.997	0.001	0.001
0.997	0.001	0.001	0.001
0.001	0.001	0.997	0.001
0.997	0.001	0.001	0.001
0.997	0.001	0.001	0.001
0.795	0.001	0.001	0.203
0.001	0.001	0.001	0.997
0.997	0.001	0.001	0.001
0.997	0.001	0.001	0.001
>GTACAGACAGCA	5-GTACAGACAGCA,BestGuess:ARF34/MA1693.2/Jaspar(0.809)	10.409522	-965.824603	0	T:340.0(0.55%),B:1.5(0.02%),P:1e-419
0.100	0.100	0.700	0.100
0.100	0.100	0.100	0.700
0.700	0.100	0.100	0.100
0.100	0.700	0.100	0.100
0.700	0.100	0.100	0.100
0.100	0.100	0.700	0.100
0.700	0.100	0.100	0.100
0.100	0.700	0.100	0.100
0.700	0.100	0.100	0.100
0.100	0.100	0.700	0.100
0.100	0.700	0.100	0.100
0.700	0.100	0.100	0.100
>TAGAAAAAATAG	6-TAGAAAAAATAG,BestGuess:mef-2/MA2173.1/Jaspar(0.759)	10.409522	-965.824603	0	T:340.0(0.55%),B:0.8(0.01%),P:1e-419
0.100	0.100	0.100	0.700
0.700	0.100	0.100	0.100
0.100	0.100	0.700	0.100
0.700	0.100	0.100	0.100
0.700	0.100	0.100	0.100
0.700	0.100	0.100	0.100
0.700	0.100	0.100	0.100
0.700	0.100	0.100	0.100
0.700	0.100	0.100	0.100
0.100	0.100	0.100	0.700
0.700	0.100	0.100	0.100
0.100	0.100	0.700	0.100
>AGGGATTGCCCT	7-AGGGATTGCCCT,BestGuess:dif/Rel/dmmpmm(Bergman)/fly(0.747)	10.409522	-954.403543	0	T:337.0(0.54%),B:1.9(0.02%),P:1e-414
0.700	0.100	0.100	0.100
0.100	0.100	0.700	0.100
0.100	0.100	0.700	0.100
0.100	0.100	0.700	0.100
0.700	0.100	0.100	0.100
0.100	0.100	0.100	0.700
0.100	0.100	0.100	0.700
0.100	0.100	0.700	0.100
0.100	0.700	0.100	0.100
0.100	0.700	0.100	0.100
0.100	0.700	0.100	0.100
0.100	0.100	0.100	0.700
>ACAGCAGATAAA	8-ACAGCAGATAAA,BestGuess:ZNF317/MA1593.2/Jaspar(0.812)	11.482313	-949.521263	0	T:406.0(0.65%),B:2.0(0.02%),P:1e-412
0.743	0.060	0.148	0.049
0.096	0.823	0.072	0.009
0.930	0.005	0.006	0.059
0.037	0.009	0.940	0.014
0.077	0.871	0.045	0.007
0.924	0.017	0.009	0.050
0.107	0.045	0.834	0.014
0.732	0.081	0.139	0.048
0.212	0.116	0.222	0.450
0.914	0.027	0.042	0.017
0.918	0.043	0.032	0.007
0.921	0.024	0.045	0.010
>AGGGTGAGCT	5-AGGGTGAGCT,BestGuess:ASHR1(ND)/col-ASHR1-DAP-Seq(GSE60143)/Homer(0.690)	11.795681	-937.995486	0	T:500.0(0.80%),B:4.3(0.05%),P:1e-407
0.997	0.001	0.001	0.001
0.001	0.130	0.672	0.197
0.001	0.001	0.997	0.001
0.001	0.001	0.997	0.001
0.001	0.001	0.001	0.997
0.001	0.001	0.997	0.001
0.997	0.001	0.001	0.001
0.001	0.001	0.997	0.001
0.001	0.997	0.001	0.001
0.001	0.001	0.001	0.997
>TGGCAGTCCCAT	9-TGGCAGTCCCAT,BestGuess: Ik-1(0.636)	10.409522	-931.642089	0	T:331.0(0.53%),B:1.8(0.02%),P:1e-404
0.100	0.100	0.100	0.700
0.100	0.100	0.700	0.100
0.100	0.100	0.700	0.100
0.100	0.700	0.100	0.100
0.700	0.100	0.100	0.100
0.100	0.100	0.700	0.100
0.100	0.100	0.100	0.700
0.100	0.700	0.100	0.100
0.100	0.700	0.100	0.100
0.100	0.700	0.100	0.100
0.700	0.100	0.100	0.100
0.100	0.100	0.100	0.700
>CCACCTTCCATA	10-CCACCTTCCATA,BestGuess:MYB63/MA2024.2/Jaspar(0.750)	11.520965	-931.076437	0	T:537.0(0.86%),B:5.0(0.06%),P:1e-404
0.015	0.889	0.079	0.017
0.010	0.971	0.010	0.009
0.802	0.062	0.024	0.112
0.004	0.835	0.116	0.045
0.013	0.937	0.028	0.022
0.019	0.128	0.004	0.849
0.016	0.027	0.060	0.897
0.001	0.976	0.020	0.003
0.040	0.943	0.006	0.011
0.743	0.063	0.101	0.093
0.178	0.240	0.119	0.463
0.697	0.084	0.179	0.040
>GGCTCCTAAGTC	11-GGCTCCTAAGTC,BestGuess:ZmHOX2a(1)(HD-HOX)/Zea mays/AthaMap(0.621)	10.409522	-919.954150	0	T:397.0(0.64%),B:2.6(0.03%),P:1e-399
0.100	0.100	0.700	0.100
0.100	0.100	0.700	0.100
0.100	0.700	0.100	0.100
0.100	0.100	0.100	0.700
0.100	0.700	0.100	0.100
0.100	0.700	0.100	0.100
0.100	0.100	0.100	0.700
0.700	0.100	0.100	0.100
0.700	0.100	0.100	0.100
0.100	0.100	0.700	0.100
0.100	0.100	0.100	0.700
0.100	0.700	0.100	0.100
>GACCTGAAAGAC	12-GACCTGAAAGAC,BestGuess:NGA4(ABI3VP1)/col-NGA4-DAP-Seq(GSE60143)/Homer(0.645)	10.409522	-838.974817	0	T:422.0(0.68%),B:3.0(0.04%),P:1e-364
0.100	0.100	0.700	0.100
0.700	0.100	0.100	0.100
0.100	0.700	0.100	0.100
0.100	0.700	0.100	0.100
0.100	0.100	0.100	0.700
0.100	0.100	0.700	0.100
0.700	0.100	0.100	0.100
0.700	0.100	0.100	0.100
0.700	0.100	0.100	0.100
0.100	0.100	0.700	0.100
0.700	0.100	0.100	0.100
0.100	0.700	0.100	0.100
>AAATACTTTTAN	13-AAATACTTTTAN,BestGuess:CG5213(RRM)/Drosophila_melanogaster-RNCMPT00010-PBM/HughesRNA(0.802)	8.562860	-750.159635	0	T:344.0(0.55%),B:2.4(0.03%),P:1e-325
0.401	0.202	0.198	0.199
0.653	0.120	0.106	0.121
0.597	0.109	0.121	0.173
0.177	0.127	0.149	0.547
0.487	0.158	0.148	0.207
0.124	0.605	0.086	0.185
0.117	0.108	0.035	0.740
0.054	0.089	0.090	0.767
0.064	0.105	0.074	0.757
0.116	0.150	0.103	0.631
0.508	0.177	0.107	0.208
0.294	0.204	0.196	0.306
>TCAGATGAGGCT	14-TCAGATGAGGCT,BestGuess:Tal1(0.707)	10.409522	-720.924058	0	T:381.0(0.61%),B:3.3(0.04%),P:1e-313
0.100	0.100	0.100	0.700
0.100	0.700	0.100	0.100
0.700	0.100	0.100	0.100
0.100	0.100	0.700	0.100
0.700	0.100	0.100	0.100
0.100	0.100	0.100	0.700
0.100	0.100	0.700	0.100
0.700	0.100	0.100	0.100
0.100	0.100	0.700	0.100
0.100	0.100	0.700	0.100
0.100	0.700	0.100	0.100
0.100	0.100	0.100	0.700
>AATGTGGGCAAG	15-AATGTGGGCAAG,BestGuess:DREB1E/MA0978.1/Jaspar(0.663)	10.409522	-715.908047	0	T:333.0(0.54%),B:2.7(0.03%),P:1e-310
0.700	0.100	0.100	0.100
0.700	0.100	0.100	0.100
0.100	0.100	0.100	0.700
0.100	0.100	0.700	0.100
0.100	0.100	0.100	0.700
0.100	0.100	0.700	0.100
0.100	0.100	0.700	0.100
0.100	0.100	0.700	0.100
0.100	0.700	0.100	0.100
0.700	0.100	0.100	0.100
0.700	0.100	0.100	0.100
0.100	0.100	0.700	0.100
>TTTCCGTGTGCT	16-TTTCCGTGTGCT,BestGuess:NAC055/MA0937.1/Jaspar(0.706)	10.409522	-715.908047	0	T:333.0(0.54%),B:2.8(0.03%),P:1e-310
0.100	0.100	0.100	0.700
0.100	0.100	0.100	0.700
0.100	0.100	0.100	0.700
0.100	0.700	0.100	0.100
0.100	0.700	0.100	0.100
0.100	0.100	0.700	0.100
0.100	0.100	0.100	0.700
0.100	0.100	0.700	0.100
0.100	0.100	0.100	0.700
0.100	0.100	0.700	0.100
0.100	0.700	0.100	0.100
0.100	0.100	0.100	0.700
>AGGGCCACTCAA	17-AGGGCCACTCAA,BestGuess:NKX2-2/MA1645.2/Jaspar(0.810)	10.409522	-709.719320	0	T:331.0(0.53%),B:2.9(0.04%),P:1e-308
0.700	0.100	0.100	0.100
0.100	0.100	0.700	0.100
0.100	0.100	0.700	0.100
0.100	0.100	0.700	0.100
0.100	0.700	0.100	0.100
0.100	0.700	0.100	0.100
0.700	0.100	0.100	0.100
0.100	0.700	0.100	0.100
0.100	0.100	0.100	0.700
0.100	0.700	0.100	0.100
0.700	0.100	0.100	0.100
0.700	0.100	0.100	0.100
>TTTTGCTTACTG	18-TTTTGCTTACTG,BestGuess:PB0016.1_Foxj1_1/Jaspar(0.685)	10.409522	-700.458992	0	T:328.0(0.53%),B:2.2(0.03%),P:1e-304
0.100	0.100	0.100	0.700
0.100	0.100	0.100	0.700
0.100	0.100	0.100	0.700
0.100	0.100	0.100	0.700
0.100	0.100	0.700	0.100
0.100	0.700	0.100	0.100
0.100	0.100	0.100	0.700
0.100	0.100	0.100	0.700
0.700	0.100	0.100	0.100
0.100	0.700	0.100	0.100
0.100	0.100	0.100	0.700
0.100	0.100	0.700	0.100
>CCAAAAAAACAT	19-CCAAAAAAACAT,BestGuess:hb/dmmpmm(Noyes)/fly(0.869)	10.409522	-666.741968	0	T:317.0(0.51%),B:2.7(0.03%),P:1e-289
0.100	0.700	0.100	0.100
0.100	0.700	0.100	0.100
0.700	0.100	0.100	0.100
0.700	0.100	0.100	0.100
0.700	0.100	0.100	0.100
0.700	0.100	0.100	0.100
0.700	0.100	0.100	0.100
0.700	0.100	0.100	0.100
0.700	0.100	0.100	0.100
0.100	0.700	0.100	0.100
0.700	0.100	0.100	0.100
0.100	0.100	0.100	0.700
>GGCGCCCCAT	6-GGCGCCCCAT,BestGuess:Zfp961/MA2126.1/Jaspar(0.784)	13.694338	-660.582820	0	T:257.0(0.41%),B:0.0(0.00%),P:1e-286
0.001	0.001	0.997	0.001
0.001	0.001	0.997	0.001
0.001	0.997	0.001	0.001
0.001	0.001	0.997	0.001
0.001	0.868	0.001	0.130
0.001	0.997	0.001	0.001
0.001	0.997	0.001	0.001
0.001	0.997	0.001	0.001
0.997	0.001	0.001	0.001
0.001	0.001	0.001	0.997
>AGTGCAGGCA	7-AGTGCAGGCA,BestGuess:SOK2(MacIsaac)/Yeast(0.810)	11.557182	-612.959293	0	T:496.0(0.80%),B:8.0(0.10%),P:1e-266
0.997	0.001	0.001	0.001
0.194	0.001	0.804	0.001
0.001	0.001	0.001	0.997
0.127	0.001	0.871	0.001
0.001	0.997	0.001	0.001
0.997	0.001	0.001	0.001
0.001	0.001	0.997	0.001
0.001	0.001	0.997	0.001
0.001	0.997	0.001	0.001
0.997	0.001	0.001	0.001
>TATGCGTC	1-TATGCGTC,BestGuess:FHL1/MA0295.2/Jaspar(0.814)	9.381722	-590.754936	0	T:1286.0(2.07%),B:55.8(0.68%),P:1e-256
0.001	0.001	0.001	0.997
0.997	0.001	0.001	0.001
0.001	0.001	0.001	0.997
0.001	0.001	0.997	0.001
0.286	0.712	0.001	0.001
0.001	0.001	0.997	0.001
0.001	0.001	0.001	0.997
0.259	0.739	0.001	0.001
>AAGAAACCCATG	20-AAGAAACCCATG,BestGuess:ZNF766/MA2098.1/Jaspar(0.780)	10.409522	-585.707010	0	T:332.0(0.53%),B:3.5(0.04%),P:1e-254
0.700	0.100	0.100	0.100
0.700	0.100	0.100	0.100
0.100	0.100	0.700	0.100
0.700	0.100	0.100	0.100
0.700	0.100	0.100	0.100
0.700	0.100	0.100	0.100
0.100	0.700	0.100	0.100
0.100	0.700	0.100	0.100
0.100	0.700	0.100	0.100
0.700	0.100	0.100	0.100
0.100	0.100	0.100	0.700
0.100	0.100	0.700	0.100
>ATGCCAAACAGG	21-ATGCCAAACAGG,BestGuess:NFIA/MA0670.2/Jaspar(0.707)	10.409522	-571.060998	0	T:362.0(0.58%),B:4.4(0.05%),P:1e-248
0.700	0.100	0.100	0.100
0.100	0.100	0.100	0.700
0.100	0.100	0.700	0.100
0.100	0.700	0.100	0.100
0.100	0.700	0.100	0.100
0.700	0.100	0.100	0.100
0.700	0.100	0.100	0.100
0.700	0.100	0.100	0.100
0.100	0.700	0.100	0.100
0.700	0.100	0.100	0.100
0.100	0.100	0.700	0.100
0.100	0.100	0.700	0.100
>AGCGCGCGTC	8-AGCGCGCGTC,BestGuess:RBM8A(RRM)/Homo_sapiens-RNCMPT00056-PBM/HughesRNA(0.802)	10.296193	-551.246790	0	T:354.0(0.57%),B:4.9(0.06%),P:1e-239
0.700	0.100	0.100	0.100
0.100	0.100	0.700	0.100
0.100	0.700	0.100	0.100
0.100	0.100	0.700	0.100
0.100	0.700	0.100	0.100
0.100	0.100	0.700	0.100
0.100	0.700	0.100	0.100
0.100	0.100	0.700	0.100
0.100	0.100	0.100	0.700
0.100	0.700	0.100	0.100
>TGACCTTCAC	9-TGACCTTCAC,BestGuess:Esrrg/MA0643.2/Jaspar(0.844)	12.366226	-546.321436	0	T:352.0(0.57%),B:4.2(0.05%),P:1e-237
0.001	0.001	0.001	0.997
0.001	0.001	0.997	0.001
0.997	0.001	0.001	0.001
0.001	0.768	0.001	0.230
0.001	0.997	0.001	0.001
0.001	0.001	0.001	0.997
0.001	0.001	0.001	0.997
0.001	0.997	0.001	0.001
0.997	0.001	0.001	0.001
0.001	0.997	0.001	0.001
>CCAAAGTCCAAC	22-CCAAAGTCCAAC,BestGuess:HNF4A/MA0114.5/Jaspar(0.863)	10.409522	-531.614070	0	T:346.0(0.56%),B:4.4(0.05%),P:1e-230
0.100	0.700	0.100	0.100
0.100	0.700	0.100	0.100
0.700	0.100	0.100	0.100
0.700	0.100	0.100	0.100
0.700	0.100	0.100	0.100
0.100	0.100	0.700	0.100
0.100	0.100	0.100	0.700
0.100	0.700	0.100	0.100
0.100	0.700	0.100	0.100
0.700	0.100	0.100	0.100
0.700	0.100	0.100	0.100
0.100	0.700	0.100	0.100
>GCCCTGTCTT	10-GCCCTGTCTT,BestGuess:ENOX1(RRM)/Homo_sapiens-RNCMPT00149-PBM/HughesRNA(0.757)	10.296193	-521.401361	0	T:268.0(0.43%),B:3.0(0.04%),P:1e-226
0.100	0.100	0.700	0.100
0.100	0.700	0.100	0.100
0.100	0.700	0.100	0.100
0.100	0.700	0.100	0.100
0.100	0.100	0.100	0.700
0.100	0.100	0.700	0.100
0.100	0.100	0.100	0.700
0.100	0.700	0.100	0.100
0.100	0.100	0.100	0.700
0.100	0.100	0.100	0.700
>CCAGCGAGGA	11-CCAGCGAGGA,BestGuess:ACE2/MA0267.2/Jaspar(0.714)	11.582107	-516.741512	0	T:473.0(0.76%),B:9.5(0.12%),P:1e-224
0.001	0.997	0.001	0.001
0.001	0.997	0.001	0.001
0.997	0.001	0.001	0.001
0.001	0.001	0.997	0.001
0.001	0.997	0.001	0.001
0.001	0.001	0.997	0.001
0.997	0.001	0.001	0.001
0.001	0.001	0.893	0.105
0.001	0.001	0.997	0.001
0.997	0.001	0.001	0.001
>GCAGGAGACC	13-GCAGGAGACC,BestGuess:TCF12/MA1648.2/Jaspar(0.660)	6.928147	-513.222875	0	T:902.0(1.45%),B:33.9(0.41%),P:1e-222
0.001	0.001	0.997	0.001
0.001	0.997	0.001	0.001
0.997	0.001	0.001	0.001
0.001	0.001	0.997	0.001
0.001	0.181	0.737	0.081
0.997	0.001	0.001	0.001
0.001	0.001	0.997	0.001
0.997	0.001	0.001	0.001
0.001	0.997	0.001	0.001
0.001	0.997	0.001	0.001
>TGCTCTGACC	14-TGCTCTGACC,BestGuess:BCL11A/MA2324.1/Jaspar(0.742)	10.296193	-501.336425	0	T:261.0(0.42%),B:2.8(0.03%),P:1e-217
0.100	0.100	0.100	0.700
0.100	0.100	0.700	0.100
0.100	0.700	0.100	0.100
0.100	0.100	0.100	0.700
0.100	0.700	0.100	0.100
0.100	0.100	0.100	0.700
0.100	0.100	0.700	0.100
0.700	0.100	0.100	0.100
0.100	0.700	0.100	0.100
0.100	0.700	0.100	0.100
>CGTCCTTGGG	15-CGTCCTTGGG,BestGuess:Hr39/MA2244.1/Jaspar(0.710)	10.689347	-501.262940	0	T:300.0(0.48%),B:3.3(0.04%),P:1e-217
0.001	0.997	0.001	0.001
0.001	0.001	0.997	0.001
0.001	0.001	0.001	0.997
0.001	0.997	0.001	0.001
0.043	0.955	0.001	0.001
0.001	0.001	0.001	0.997
0.001	0.001	0.001	0.997
0.001	0.001	0.997	0.001
0.001	0.001	0.997	0.001
0.001	0.001	0.997	0.001
>AGATCTGGAA	16-AGATCTGGAA,BestGuess:GATA6/MA1396.2/Jaspar(0.822)	11.707270	-490.941010	0	T:296.0(0.48%),B:3.5(0.04%),P:1e-213
0.997	0.001	0.001	0.001
0.001	0.001	0.997	0.001
0.997	0.001	0.001	0.001
0.001	0.001	0.001	0.997
0.001	0.997	0.001	0.001
0.001	0.001	0.001	0.997
0.119	0.001	0.879	0.001
0.001	0.001	0.997	0.001
0.997	0.001	0.001	0.001
0.997	0.001	0.001	0.001
>TCTTTTCTTA	17-TCTTTTCTTA,BestGuess:PTBP1(RRM)/Homo_sapiens-RNCMPT00268-PBM/HughesRNA(0.792)	10.296193	-470.187828	0	T:250.0(0.40%),B:2.3(0.03%),P:1e-204
0.100	0.100	0.100	0.700
0.100	0.700	0.100	0.100
0.100	0.100	0.100	0.700
0.100	0.100	0.100	0.700
0.100	0.100	0.100	0.700
0.100	0.100	0.100	0.700
0.100	0.700	0.100	0.100
0.100	0.100	0.100	0.700
0.100	0.100	0.100	0.700
0.700	0.100	0.100	0.100
>GGTGGGACAAGT	23-GGTGGGACAAGT,BestGuess:ARF36/MA1695.2/Jaspar(0.745)	10.409522	-430.992785	0	T:358.0(0.58%),B:6.3(0.08%),P:1e-187
0.100	0.100	0.700	0.100
0.100	0.100	0.700	0.100
0.100	0.100	0.100	0.700
0.100	0.100	0.700	0.100
0.100	0.100	0.700	0.100
0.100	0.100	0.700	0.100
0.700	0.100	0.100	0.100
0.100	0.700	0.100	0.100
0.700	0.100	0.100	0.100
0.700	0.100	0.100	0.100
0.100	0.100	0.700	0.100
0.100	0.100	0.100	0.700
>TTATCAAM	2-TTATCAAM,BestGuess:elt-6/MA1439.2/Jaspar(0.892)	10.281864	-423.914158	0	T:1699.0(2.73%),B:102.3(1.25%),P:1e-184
0.001	0.001	0.001	0.997
0.001	0.001	0.001	0.997
0.997	0.001	0.001	0.001
0.001	0.001	0.001	0.997
0.001	0.997	0.001	0.001
0.997	0.001	0.001	0.001
0.997	0.001	0.001	0.001
0.543	0.455	0.001	0.001
>CAGCCGTGAG	18-CAGCCGTGAG,BestGuess:ZIPIC/MA2322.1/Jaspar(0.670)	10.296193	-412.087406	0	T:229.0(0.37%),B:2.6(0.03%),P:1e-178
0.100	0.700	0.100	0.100
0.700	0.100	0.100	0.100
0.100	0.100	0.700	0.100
0.100	0.700	0.100	0.100
0.100	0.700	0.100	0.100
0.100	0.100	0.700	0.100
0.100	0.100	0.100	0.700
0.100	0.100	0.700	0.100
0.700	0.100	0.100	0.100
0.100	0.100	0.700	0.100
>CTGGGGAACG	19-CTGGGGAACG,BestGuess:ESRP2(RRM)/Homo_sapiens-RNCMPT00150-PBM/HughesRNA(0.735)	10.296193	-341.943809	0	T:264.0(0.42%),B:4.4(0.05%),P:1e-148
0.100	0.700	0.100	0.100
0.100	0.100	0.100	0.700
0.100	0.100	0.700	0.100
0.100	0.100	0.700	0.100
0.100	0.100	0.700	0.100
0.100	0.100	0.700	0.100
0.700	0.100	0.100	0.100
0.700	0.100	0.100	0.100
0.100	0.700	0.100	0.100
0.100	0.100	0.700	0.100
>AAACTACT	3-AAACTACT,BestGuess:MSI(RRM)/Drosophila_melanogaster-RNCMPT00099-PBM/HughesRNA(0.860)	9.933008	-331.457363	0	T:1655.0(2.66%),B:109.0(1.33%),P:1e-143
0.997	0.001	0.001	0.001
0.997	0.001	0.001	0.001
0.677	0.001	0.001	0.321
0.001	0.997	0.001	0.001
0.001	0.001	0.001	0.997
0.997	0.001	0.001	0.001
0.001	0.997	0.001	0.001
0.001	0.001	0.001	0.997
>TAACCGGG	5-TAACCGGG,BestGuess:OS04G0486400/MA2347.1/Jaspar(0.758)	8.236954	-287.684664	0	T:840.0(1.35%),B:43.7(0.53%),P:1e-124
0.100	0.100	0.100	0.700
0.700	0.100	0.100	0.100
0.700	0.100	0.100	0.100
0.100	0.700	0.100	0.100
0.100	0.700	0.100	0.100
0.100	0.100	0.700	0.100
0.100	0.100	0.700	0.100
0.100	0.100	0.700	0.100
>ATGCGAAT	8-ATGCGAAT,BestGuess:Brn1(POU,Homeobox)/NPC-Brn1-ChIP-Seq(GSE35496)/Homer(0.849)	7.347982	-256.756062	0	T:5435.0(8.74%),B:527.8(6.43%),P:1e-111
0.864	0.001	0.001	0.134
0.001	0.001	0.122	0.876
0.001	0.109	0.889	0.001
0.002	0.996	0.001	0.001
0.001	0.001	0.677	0.321
0.817	0.001	0.181	0.001
0.872	0.001	0.001	0.126
0.001	0.001	0.001	0.997
>GCCGCCGCCG	22-GCCGCCGCCG,BestGuess:Zm00001d020267/MA1817.2/Jaspar(0.936)	10.138889	-231.160158	0	T:11482.0(18.47%),B:1257.3(15.31%),P:1e-100
0.212	0.035	0.752	0.001
0.019	0.928	0.052	0.001
0.001	0.968	0.030	0.001
0.050	0.097	0.833	0.020
0.004	0.974	0.021	0.001
0.001	0.977	0.021	0.001
0.029	0.027	0.943	0.001
0.001	0.960	0.017	0.022
0.032	0.948	0.019	0.001
0.054	0.049	0.875	0.022
>TATGTTTA	9-TATGTTTA,BestGuess:FOXA1/MA0148.5/Jaspar(0.864)	9.036764	-193.849813	0	T:1089.0(1.75%),B:75.3(0.92%),P:1e-84
0.001	0.001	0.001	0.997
0.997	0.001	0.001	0.001
0.001	0.001	0.001	0.997
0.001	0.001	0.997	0.001
0.001	0.001	0.001	0.997
0.001	0.131	0.001	0.867
0.001	0.001	0.001	0.997
0.997	0.001	0.001	0.001
>GTCATAAA	10-GTCATAAA,BestGuess:caudal(Homeobox)/Drosophila-Embryos-ChIP-Chip(modEncode)/Homer(0.892)	8.236954	-168.983817	0	T:913.0(1.47%),B:62.7(0.76%),P:1e-73
0.100	0.100	0.700	0.100
0.100	0.100	0.100	0.700
0.100	0.700	0.100	0.100
0.700	0.100	0.100	0.100
0.100	0.100	0.100	0.700
0.700	0.100	0.100	0.100
0.700	0.100	0.100	0.100
0.700	0.100	0.100	0.100
>GCCGCGCCGCGG	25-GCCGCGCCGCGG,BestGuess:STP1(MacIsaac)/Yeast(0.729)	9.472714	-167.070028	0	T:18033.0(29.01%),B:2118.8(25.81%),P:1e-72
0.055	0.088	0.790	0.067
0.039	0.861	0.053	0.047
0.035	0.837	0.074	0.054
0.021	0.103	0.803	0.073
0.037	0.814	0.102	0.047
0.034	0.085	0.854	0.027
0.025	0.874	0.062	0.039
0.051	0.855	0.051	0.043
0.036	0.063	0.865	0.036
0.065	0.806	0.104	0.025
0.031	0.103	0.806	0.060
0.040	0.078	0.836	0.046
>GGCAGCAT	13-GGCAGCAT,BestGuess:ZNF549/MA1728.2/Jaspar(0.876)	8.236954	-136.931848	0	T:2606.0(4.19%),B:248.0(3.02%),P:1e-59
0.100	0.100	0.700	0.100
0.100	0.100	0.700	0.100
0.100	0.700	0.100	0.100
0.700	0.100	0.100	0.100
0.100	0.100	0.700	0.100
0.100	0.700	0.100	0.100
0.700	0.100	0.100	0.100
0.100	0.100	0.100	0.700
>ATTATCGG	15-ATTATCGG,BestGuess:HAP1/MA0312.3/Jaspar(0.875)	8.236954	-125.121266	0	T:233.0(0.37%),B:9.6(0.12%),P:1e-54
0.700	0.100	0.100	0.100
0.100	0.100	0.100	0.700
0.100	0.100	0.100	0.700
0.700	0.100	0.100	0.100
0.100	0.100	0.100	0.700
0.100	0.700	0.100	0.100
0.100	0.100	0.700	0.100
0.100	0.100	0.700	0.100
>CCGCGCGA	16-CCGCGCGA,BestGuess:LARK(RRM,Znf)/Drosophila_melanogaster-RNCMPT00035-PBM/HughesRNA(0.900)	8.236954	-108.126593	0	T:3589.0(5.77%),B:371.6(4.53%),P:1e-46
0.100	0.700	0.100	0.100
0.100	0.700	0.100	0.100
0.100	0.100	0.700	0.100
0.100	0.700	0.100	0.100
0.100	0.100	0.700	0.100
0.100	0.700	0.100	0.100
0.100	0.100	0.700	0.100
0.700	0.100	0.100	0.100
>CCCGNCGCCC	24-CCCGNCGCCC,BestGuess:SUT1?/SacCer-Promoters/Homer(0.702)	6.844377	-105.533626	0	T:11293.0(18.17%),B:1317.0(16.04%),P:1e-45
0.124	0.796	0.046	0.034
0.045	0.560	0.253	0.142
0.214	0.502	0.267	0.017
0.032	0.267	0.575	0.126
0.233	0.230	0.330	0.207
0.051	0.517	0.203	0.229
0.199	0.025	0.534	0.242
0.041	0.512	0.280	0.167
0.067	0.471	0.263	0.198
0.044	0.579	0.291	0.086
>GCGTGCGCGC	25-GCGTGCGCGC,BestGuess:FUS(RRM)/Homo_sapiens-RNCMPT00018-PBM/HughesRNA(0.787)	10.296193	-68.506810	0	T:1081.0(1.74%),B:99.9(1.22%),P:1e-29
0.100	0.100	0.700	0.100
0.100	0.700	0.100	0.100
0.100	0.100	0.700	0.100
0.100	0.100	0.100	0.700
0.100	0.100	0.700	0.100
0.100	0.700	0.100	0.100
0.100	0.100	0.700	0.100
0.100	0.700	0.100	0.100
0.100	0.100	0.700	0.100
0.100	0.700	0.100	0.100
>TCGAGGGC	21-TCGAGGGC,BestGuess:XBP1(MacIsaac)/Yeast(0.756)	7.879404	-24.561955	0	T:22501.0(36.20%),B:2868.0(34.93%),P:1e-10
0.001	0.110	0.127	0.762
0.035	0.791	0.078	0.096
0.102	0.087	0.810	0.001
0.878	0.120	0.001	0.001
0.001	0.019	0.958	0.022
0.001	0.053	0.945	0.001
0.023	0.001	0.975	0.001
0.107	0.878	0.001	0.014
