>GCCCTGTCCTGT	25-GCCCTGTCCTGT	11.452334	-92.246333	0	T:260.0(1.45%),B:14.7(0.59%),P:1e-40
0.050	0.147	0.651	0.152
0.017	0.793	0.007	0.183
0.057	0.793	0.001	0.149
0.009	0.831	0.005	0.155
0.011	0.001	0.001	0.987
0.003	0.097	0.854	0.046
0.004	0.067	0.116	0.813
0.005	0.935	0.053	0.007
0.010	0.944	0.001	0.045
0.032	0.052	0.016	0.900
0.011	0.067	0.745	0.177
0.053	0.004	0.090	0.853
