>GCCGCGCCGCGG	25-GCCGCGCCGCGG,BestGuess:STP1(MacIsaac)/Yeast(0.729)	9.472714	-167.070028	0	T:18033.0(29.01%),B:2118.8(25.81%),P:1e-72
0.055	0.088	0.790	0.067
0.039	0.861	0.053	0.047
0.035	0.837	0.074	0.054
0.021	0.103	0.803	0.073
0.037	0.814	0.102	0.047
0.034	0.085	0.854	0.027
0.025	0.874	0.062	0.039
0.051	0.855	0.051	0.043
0.036	0.063	0.865	0.036
0.065	0.806	0.104	0.025
0.031	0.103	0.806	0.060
0.040	0.078	0.836	0.046
