>GAAACCTGTTTT	1-GAAACCTGTTTT,BestGuess:GRHL2/MA1105.3/Jaspar(0.754)	10.446296	-1155.973032	0	T:389.0(0.63%),B:1.0(0.01%),P:1e-502
0.129	0.113	0.696	0.062
0.836	0.072	0.081	0.011
0.800	0.057	0.134	0.009
0.673	0.076	0.168	0.083
0.170	0.542	0.174	0.114
0.061	0.767	0.026	0.146
0.136	0.004	0.009	0.851
0.015	0.121	0.706	0.158
0.061	0.132	0.126	0.681
0.022	0.132	0.046	0.800
0.001	0.143	0.028	0.828
0.003	0.118	0.051	0.828
