>CCGCGGCGCGGC	25-GCCGCGCCGCGG	9.472714	-167.070028	0	T:18033.0(29.01%),B:2118.8(25.81%),P:1e-72
0.046	0.836	0.078	0.040
0.060	0.806	0.103	0.031
0.025	0.104	0.806	0.065
0.036	0.865	0.063	0.036
0.043	0.051	0.855	0.051
0.039	0.062	0.874	0.025
0.027	0.854	0.085	0.034
0.047	0.102	0.814	0.037
0.073	0.803	0.103	0.021
0.054	0.074	0.837	0.035
0.047	0.053	0.861	0.039
0.067	0.790	0.088	0.055
