>ACAGCAGATAAA	8-ACAGCAGATAAA,BestGuess:ZNF317/MA1593.2/Jaspar(0.812)	11.482313	-949.521263	0	T:406.0(0.65%),B:2.0(0.02%),P:1e-412
0.743	0.060	0.148	0.049
0.096	0.823	0.072	0.009
0.930	0.005	0.006	0.059
0.037	0.009	0.940	0.014
0.077	0.871	0.045	0.007
0.924	0.017	0.009	0.050
0.107	0.045	0.834	0.014
0.732	0.081	0.139	0.048
0.212	0.116	0.222	0.450
0.914	0.027	0.042	0.017
0.918	0.043	0.032	0.007
0.921	0.024	0.045	0.010
