>AAAACAGGTTTC	1-GAAACCTGTTTT	10.446296	-1155.973032	0	T:389.0(0.63%),B:1.0(0.01%),P:1e-502
0.828	0.051	0.118	0.003
0.828	0.028	0.143	0.001
0.800	0.046	0.132	0.022
0.681	0.126	0.132	0.061
0.158	0.706	0.121	0.015
0.851	0.009	0.004	0.136
0.146	0.026	0.767	0.061
0.114	0.174	0.542	0.170
0.083	0.168	0.076	0.673
0.009	0.134	0.057	0.800
0.011	0.081	0.072	0.836
0.062	0.696	0.113	0.129
