>TGCAGTGGTAAA	2-TTTACCACTGCA	11.114610	-1073.672665	0	T:368.0(0.59%),B:2.0(0.02%),P:1e-466
0.065	0.006	0.086	0.843
0.018	0.023	0.913	0.046
0.042	0.913	0.032	0.013
0.875	0.025	0.024	0.076
0.028	0.025	0.912	0.035
0.103	0.021	0.036	0.840
0.037	0.025	0.881	0.057
0.102	0.044	0.811	0.043
0.131	0.069	0.189	0.611
0.716	0.033	0.223	0.028
0.882	0.070	0.039	0.009
0.807	0.081	0.078	0.034
