>NTAAAAGTATTT	13-AAATACTTTTAN	8.562860	-750.159635	0	T:344.0(0.55%),B:2.4(0.03%),P:1e-325
0.306	0.196	0.204	0.294
0.208	0.107	0.177	0.508
0.631	0.103	0.150	0.116
0.757	0.074	0.105	0.064
0.767	0.090	0.089	0.054
0.740	0.035	0.108	0.117
0.185	0.086	0.605	0.124
0.207	0.148	0.158	0.487
0.547	0.149	0.127	0.177
0.173	0.121	0.109	0.597
0.121	0.106	0.120	0.653
0.199	0.198	0.202	0.401
