>AATGTGCTCCTC	3-AATGTGCTCCTC,BestGuess:SRSF9(RRM)/Homo_sapiens-RNCMPT00074-PBM/HughesRNA(0.748)	10.863031	-1042.771186	0	T:434.0(0.70%),B:2.8(0.03%),P:1e-452
0.746	0.154	0.082	0.018
0.818	0.101	0.048	0.033
0.081	0.033	0.173	0.713
0.025	0.109	0.837	0.029
0.114	0.062	0.138	0.686
0.021	0.096	0.836	0.047
0.043	0.919	0.027	0.011
0.003	0.027	0.044	0.926
0.001	0.855	0.056	0.088
0.035	0.896	0.005	0.064
0.017	0.054	0.028	0.901
0.006	0.870	0.077	0.047
