>AAATACTTTTAN	13-AAATACTTTTAN,BestGuess:CG5213(RRM)/Drosophila_melanogaster-RNCMPT00010-PBM/HughesRNA(0.802)	8.562860	-750.159635	0	T:344.0(0.55%),B:2.4(0.03%),P:1e-325
0.401	0.202	0.198	0.199
0.653	0.120	0.106	0.121
0.597	0.109	0.121	0.173
0.177	0.127	0.149	0.547
0.487	0.158	0.148	0.207
0.124	0.605	0.086	0.185
0.117	0.108	0.035	0.740
0.054	0.089	0.090	0.767
0.064	0.105	0.074	0.757
0.116	0.150	0.103	0.631
0.508	0.177	0.107	0.208
0.294	0.204	0.196	0.306
