>GTAAACTTTC	1-GTAAACTTTC	4.914532	-1537.752639	0	T:20668.0(85.13%),B:1902.4(69.87%),P:1e-667	Tpos:532.4,Tstd:377.6,Bpos:321.2,Bstd:237.2,StrandBias:-0.0,Multiplicity:1.55
0.038	0.129	0.764	0.069
0.144	0.160	0.235	0.461
0.475	0.229	0.222	0.074
0.663	0.112	0.190	0.035
0.630	0.159	0.161	0.050
0.012	0.883	0.088	0.017
0.023	0.108	0.016	0.853
0.017	0.135	0.135	0.713
0.005	0.186	0.108	0.701
0.007	0.857	0.090	0.046
>ATCCGTTTCT	2-ATCCGTTTCT	4.698347	-1531.597812	0	T:17257.0(71.08%),B:1463.3(53.74%),P:1e-665	Tpos:523.6,Tstd:365.3,Bpos:330.9,Bstd:239.2,StrandBias:-0.0,Multiplicity:1.52
0.823	0.034	0.141	0.002
0.008	0.023	0.174	0.795
0.011	0.596	0.188	0.205
0.139	0.784	0.075	0.002
0.001	0.337	0.609	0.053
0.008	0.235	0.116	0.641
0.001	0.075	0.096	0.828
0.001	0.008	0.001	0.990
0.001	0.960	0.011	0.028
0.009	0.006	0.002	0.983
>TTTCGAACGT	3-TTTCGAACGT	4.377441	-1516.610931	0	T:17518.0(72.16%),B:1497.9(55.01%),P:1e-658	Tpos:538.8,Tstd:384.1,Bpos:324.9,Bstd:246.8,StrandBias:0.0,Multiplicity:1.77
0.055	0.186	0.140	0.619
0.021	0.170	0.157	0.652
0.047	0.180	0.167	0.606
0.089	0.614	0.179	0.118
0.101	0.191	0.592	0.116
0.559	0.164	0.189	0.088
0.592	0.129	0.215	0.064
0.159	0.561	0.199	0.081
0.078	0.171	0.601	0.150
0.083	0.152	0.161	0.604
>TAACCGTTAG	4-TAACCGTTAG	4.458463	-1442.132245	0	T:19988.0(82.33%),B:1825.0(67.02%),P:1e-626	Tpos:527.2,Tstd:380.4,Bpos:319.3,Bstd:242.4,StrandBias:0.0,Multiplicity:2.40
0.100	0.100	0.100	0.700
0.700	0.100	0.100	0.100
0.700	0.100	0.100	0.100
0.100	0.700	0.100	0.100
0.100	0.700	0.100	0.100
0.100	0.100	0.700	0.100
0.100	0.100	0.100	0.700
0.100	0.100	0.100	0.700
0.700	0.100	0.100	0.100
0.100	0.100	0.700	0.100
>ACTGATGTTA	5-ACTGATGTTA	4.458463	-1390.558636	0	T:21377.0(88.05%),B:2026.4(74.42%),P:1e-603	Tpos:513.6,Tstd:381.6,Bpos:318.0,Bstd:242.3,StrandBias:-0.0,Multiplicity:1.85
0.700	0.100	0.100	0.100
0.100	0.700	0.100	0.100
0.100	0.100	0.100	0.700
0.100	0.100	0.700	0.100
0.700	0.100	0.100	0.100
0.100	0.100	0.100	0.700
0.100	0.100	0.700	0.100
0.100	0.100	0.100	0.700
0.100	0.100	0.100	0.700
0.700	0.100	0.100	0.100
>TGGATCGTCG	6-TGGATCGTCG	5.682219	-1361.760052	0	T:16099.0(66.31%),B:1354.4(49.74%),P:1e-591	Tpos:553.7,Tstd:348.6,Bpos:341.9,Bstd:231.1,StrandBias:-0.0,Multiplicity:1.83
0.286	0.119	0.001	0.594
0.001	0.001	0.997	0.001
0.001	0.081	0.917	0.001
0.632	0.172	0.195	0.001
0.001	0.266	0.036	0.697
0.001	0.718	0.181	0.100
0.001	0.187	0.785	0.027
0.003	0.210	0.080	0.707
0.001	0.988	0.010	0.001
0.001	0.018	0.813	0.168
>TCATTGCATG	7-TCATTGCATG	4.458463	-1259.531259	0	T:22526.0(92.79%),B:2221.1(81.57%),P:1e-547	Tpos:514.1,Tstd:377.2,Bpos:317.9,Bstd:231.3,StrandBias:-0.0,Multiplicity:2.01
0.100	0.100	0.100	0.700
0.100	0.700	0.100	0.100
0.700	0.100	0.100	0.100
0.100	0.100	0.100	0.700
0.100	0.100	0.100	0.700
0.100	0.100	0.700	0.100
0.100	0.700	0.100	0.100
0.700	0.100	0.100	0.100
0.100	0.100	0.100	0.700
0.100	0.100	0.700	0.100
>CGCACAATAT	8-CGCACAATAT	4.458463	-1252.046469	0	T:21188.0(87.28%),B:2021.0(74.22%),P:1e-543	Tpos:522.4,Tstd:374.4,Bpos:319.0,Bstd:230.1,StrandBias:-0.0,Multiplicity:2.27
0.100	0.700	0.100	0.100
0.100	0.100	0.700	0.100
0.100	0.700	0.100	0.100
0.700	0.100	0.100	0.100
0.100	0.700	0.100	0.100
0.700	0.100	0.100	0.100
0.700	0.100	0.100	0.100
0.100	0.100	0.100	0.700
0.700	0.100	0.100	0.100
0.100	0.100	0.100	0.700
>TTCCGAGTAA	9-TTCCGAGTAA	4.176741	-1223.555246	0	T:21176.0(87.23%),B:2024.0(74.34%),P:1e-531	Tpos:547.8,Tstd:372.2,Bpos:340.5,Bstd:228.9,StrandBias:-0.0,Multiplicity:1.78
0.016	0.069	0.043	0.872
0.069	0.239	0.163	0.529
0.001	0.974	0.004	0.021
0.067	0.931	0.001	0.001
0.004	0.084	0.842	0.070
0.863	0.003	0.126	0.008
0.022	0.016	0.961	0.001
0.030	0.061	0.126	0.783
0.661	0.055	0.217	0.067
0.616	0.034	0.282	0.068
>ACGATTCAAG	10-ACGATTCAAG	4.458463	-1203.011628	0	T:22000.0(90.62%),B:2148.9(78.92%),P:1e-522	Tpos:521.5,Tstd:381.5,Bpos:322.1,Bstd:239.6,StrandBias:-0.0,Multiplicity:2.46
0.700	0.100	0.100	0.100
0.100	0.700	0.100	0.100
0.100	0.100	0.700	0.100
0.700	0.100	0.100	0.100
0.100	0.100	0.100	0.700
0.100	0.100	0.100	0.700
0.100	0.700	0.100	0.100
0.700	0.100	0.100	0.100
0.700	0.100	0.100	0.100
0.100	0.100	0.700	0.100
>CGGCCGCACC	11-CGGCCGCACC	-0.238868	-1189.728850	0	T:14458.0(59.55%),B:1197.6(43.98%),P:1e-516	Tpos:564.9,Tstd:345.1,Bpos:344.2,Bstd:216.2,StrandBias:0.0,Multiplicity:1.78
0.001	0.870	0.001	0.128
0.001	0.001	0.997	0.001
0.001	0.001	0.997	0.001
0.001	0.767	0.231	0.001
0.001	0.997	0.001	0.001
0.001	0.001	0.997	0.001
0.001	0.997	0.001	0.001
0.997	0.001	0.001	0.001
0.001	0.997	0.001	0.001
0.001	0.997	0.001	0.001
>GTCTGCATAA	12-GTCTGCATAA	4.458463	-1180.804792	0	T:23007.0(94.77%),B:2312.6(84.93%),P:1e-512	Tpos:523.0,Tstd:384.0,Bpos:312.5,Bstd:234.3,StrandBias:-0.0,Multiplicity:2.00
0.100	0.100	0.700	0.100
0.100	0.100	0.100	0.700
0.100	0.700	0.100	0.100
0.100	0.100	0.100	0.700
0.100	0.100	0.700	0.100
0.100	0.700	0.100	0.100
0.700	0.100	0.100	0.100
0.100	0.100	0.100	0.700
0.700	0.100	0.100	0.100
0.700	0.100	0.100	0.100
>TATCGATCTC	13-TATCGATCTC	4.458463	-1161.946748	0	T:21802.0(89.81%),B:2125.7(78.07%),P:1e-504	Tpos:526.2,Tstd:378.6,Bpos:328.0,Bstd:243.2,StrandBias:0.0,Multiplicity:2.78
0.100	0.100	0.100	0.700
0.700	0.100	0.100	0.100
0.100	0.100	0.100	0.700
0.100	0.700	0.100	0.100
0.100	0.100	0.700	0.100
0.700	0.100	0.100	0.100
0.100	0.100	0.100	0.700
0.100	0.700	0.100	0.100
0.100	0.100	0.100	0.700
0.100	0.700	0.100	0.100
>TACAGGTGGK	14-TACAGGTGGK	3.250721	-1026.341075	0	T:22074.0(90.93%),B:2188.8(80.39%),P:1e-445	Tpos:530.0,Tstd:375.8,Bpos:314.3,Bstd:228.0,StrandBias:-0.0,Multiplicity:1.70
0.019	0.018	0.056	0.907
0.694	0.186	0.040	0.080
0.001	0.993	0.002	0.004
0.985	0.002	0.001	0.012
0.016	0.001	0.981	0.002
0.009	0.373	0.617	0.001
0.227	0.013	0.001	0.759
0.141	0.019	0.822	0.018
0.001	0.066	0.932	0.001
0.243	0.037	0.395	0.326
>GCGTAGTTTG	15-GCGTAGTTTG	5.103616	-967.981580	0	T:17664.0(72.76%),B:1613.3(59.25%),P:1e-420	Tpos:542.8,Tstd:362.3,Bpos:332.0,Bstd:215.2,StrandBias:-0.0,Multiplicity:1.70
0.071	0.161	0.696	0.072
0.103	0.617	0.152	0.128
0.065	0.188	0.634	0.113
0.156	0.168	0.241	0.435
0.453	0.200	0.182	0.165
0.043	0.155	0.728	0.074
0.078	0.197	0.163	0.562
0.048	0.200	0.140	0.612
0.062	0.127	0.221	0.590
0.056	0.178	0.672	0.094
>TGGGGCAGGA	16-TGGGGCAGGA	6.404373	-929.901953	0	T:20819.0(85.76%),B:2026.7(74.43%),P:1e-403	Tpos:545.6,Tstd:364.9,Bpos:320.4,Bstd:226.1,StrandBias:-0.0,Multiplicity:2.13
0.100	0.100	0.100	0.700
0.100	0.100	0.700	0.100
0.100	0.100	0.700	0.100
0.100	0.100	0.700	0.100
0.100	0.100	0.700	0.100
0.100	0.700	0.100	0.100
0.700	0.100	0.100	0.100
0.100	0.100	0.700	0.100
0.100	0.100	0.700	0.100
0.700	0.100	0.100	0.100
>CGCCGTACAA	17-CGCCGTACAA	4.796017	-924.029665	0	T:19991.0(82.35%),B:1916.9(70.40%),P:1e-401	Tpos:560.1,Tstd:348.7,Bpos:338.9,Bstd:220.4,StrandBias:0.0,Multiplicity:1.94
0.016	0.941	0.042	0.001
0.020	0.112	0.810	0.058
0.001	0.997	0.001	0.001
0.034	0.852	0.037	0.077
0.044	0.269	0.681	0.006
0.045	0.025	0.131	0.799
0.676	0.097	0.224	0.003
0.013	0.776	0.210	0.001
0.817	0.055	0.127	0.001
0.664	0.100	0.235	0.001
>CGCGCACGCC	18-CGCGCACGCC	0.003132	-918.698052	0	T:13374.0(55.09%),B:1128.9(41.46%),P:1e-398	Tpos:568.4,Tstd:336.6,Bpos:341.3,Bstd:216.0,StrandBias:0.0,Multiplicity:1.53
0.005	0.993	0.001	0.001
0.001	0.001	0.997	0.001
0.001	0.997	0.001	0.001
0.001	0.001	0.997	0.001
0.001	0.997	0.001	0.001
0.997	0.001	0.001	0.001
0.001	0.997	0.001	0.001
0.001	0.001	0.997	0.001
0.021	0.977	0.001	0.001
0.001	0.997	0.001	0.001
>GGGTGTTAAT	19-GGGTGTTAAT	4.458463	-912.819035	0	T:22436.0(92.42%),B:2263.0(83.11%),P:1e-396	Tpos:523.8,Tstd:385.8,Bpos:326.1,Bstd:244.8,StrandBias:0.1,Multiplicity:2.43
0.100	0.100	0.700	0.100
0.100	0.100	0.700	0.100
0.100	0.100	0.700	0.100
0.100	0.100	0.100	0.700
0.100	0.100	0.700	0.100
0.100	0.100	0.100	0.700
0.100	0.100	0.100	0.700
0.700	0.100	0.100	0.100
0.700	0.100	0.100	0.100
0.100	0.100	0.100	0.700
>CGAGCGCTGC	20-CGAGCGCTGC	6.404373	-872.380162	0	T:19544.0(80.50%),B:1868.2(68.61%),P:1e-378	Tpos:564.2,Tstd:348.8,Bpos:330.7,Bstd:205.3,StrandBias:-0.0,Multiplicity:2.99
0.100	0.700	0.100	0.100
0.100	0.100	0.700	0.100
0.700	0.100	0.100	0.100
0.100	0.100	0.700	0.100
0.100	0.700	0.100	0.100
0.100	0.100	0.700	0.100
0.100	0.700	0.100	0.100
0.100	0.100	0.100	0.700
0.100	0.100	0.700	0.100
0.100	0.700	0.100	0.100
>GCGTCGAACG	21-GCGTCGAACG	6.404373	-864.724998	0	T:8876.0(36.56%),B:669.8(24.60%),P:1e-375	Tpos:555.6,Tstd:344.5,Bpos:327.1,Bstd:225.9,StrandBias:-0.0,Multiplicity:1.24
0.100	0.100	0.700	0.100
0.100	0.700	0.100	0.100
0.100	0.100	0.700	0.100
0.100	0.100	0.100	0.700
0.100	0.700	0.100	0.100
0.100	0.100	0.700	0.100
0.700	0.100	0.100	0.100
0.700	0.100	0.100	0.100
0.100	0.700	0.100	0.100
0.100	0.100	0.700	0.100
>CGGGATACAT	22-CGGGATACAT	4.458463	-857.512816	0	T:23221.0(95.65%),B:2397.3(88.04%),P:1e-372	Tpos:536.9,Tstd:369.7,Bpos:331.3,Bstd:229.8,StrandBias:-0.0,Multiplicity:2.70
0.100	0.700	0.100	0.100
0.100	0.100	0.700	0.100
0.100	0.100	0.700	0.100
0.100	0.100	0.700	0.100
0.700	0.100	0.100	0.100
0.100	0.100	0.100	0.700
0.700	0.100	0.100	0.100
0.100	0.700	0.100	0.100
0.700	0.100	0.100	0.100
0.100	0.100	0.100	0.700
>CGCTTTAATT	23-CGCTTTAATT	4.458463	-854.208309	0	T:21401.0(88.15%),B:2121.2(77.90%),P:1e-370	Tpos:527.9,Tstd:384.2,Bpos:321.5,Bstd:241.3,StrandBias:0.0,Multiplicity:2.14
0.100	0.700	0.100	0.100
0.100	0.100	0.700	0.100
0.100	0.700	0.100	0.100
0.100	0.100	0.100	0.700
0.100	0.100	0.100	0.700
0.100	0.100	0.100	0.700
0.700	0.100	0.100	0.100
0.700	0.100	0.100	0.100
0.100	0.100	0.100	0.700
0.100	0.100	0.100	0.700
>GAGGGTATCG	24-GAGGGTATCG	4.458463	-371.560559	0	T:23824.0(98.13%),B:2579.4(94.73%),P:1e-161	Tpos:551.5,Tstd:361.6,Bpos:331.5,Bstd:227.3,StrandBias:0.0,Multiplicity:3.04
0.100	0.100	0.700	0.100
0.700	0.100	0.100	0.100
0.100	0.100	0.700	0.100
0.100	0.100	0.700	0.100
0.100	0.100	0.700	0.100
0.100	0.100	0.100	0.700
0.700	0.100	0.100	0.100
0.100	0.100	0.100	0.700
0.100	0.700	0.100	0.100
0.100	0.100	0.700	0.100
>CCATCGACCG	25-CCATCGACCG	4.458463	-168.375454	0	T:23574.0(97.10%),B:2578.6(94.70%),P:1e-73	Tpos:559.4,Tstd:353.8,Bpos:335.4,Bstd:222.4,StrandBias:-0.0,Multiplicity:2.90
0.100	0.700	0.100	0.100
0.100	0.700	0.100	0.100
0.700	0.100	0.100	0.100
0.100	0.100	0.100	0.700
0.100	0.700	0.100	0.100
0.100	0.100	0.700	0.100
0.700	0.100	0.100	0.100
0.100	0.700	0.100	0.100
0.100	0.700	0.100	0.100
0.100	0.100	0.700	0.100
